4704 3179 983 161 1691 3736 4872 917 1371 3825 2849 847 1112 4288 4677 3324 854 2299 617 1804
3358 1867 1746 3196 675 831 4936 10 4112 2308 2007 2221 821 1072 3159 1142 2948 2668 3954 2680
1240 4805 155 425 3157 1508 3241 1170 4220 581 1885 2672 3796 913 751 3374 2222 844 3233 3408
1957 3139 3736 3370 2342 2057 2338 1885 602 4815 2734 564 8 3367 4616 1460 3947 757 4854 4950
1796 2664 18 3785 1218 1075 1666 1913 3287 37 2217 462 861 3041 2223 4197 3416 1077 29 3790
2027 3517 4663 3083 3117 1927 1623 400 740 1445 4750 4245 1946 4475 1765 2993 2222 3919 2208 3696
3042 103 2955 1112 1421 161 3790 1811 223 3389 2570 4617 2009 2391 3517 3179 4011 4769 859 4414
3380 1579 233 175 3179 1193 754 4938 2708 3017 1482 2455 2581 4352 2428 2742 3442 11 241 3896
4017 2958 1271 3474 4288 4992 1004 1265 64 4374 613 64 1407 2880 4960 2334 128 1871 604 4338
4152 579 1666 1528 25 4625 3680 3790 2140 4531 4347 1996 446 3550 3680 2679 230 3667 4974 3791
3703 3241 2993 2146 1811 1218 4288 2550 3826 3177 3685 2286 1216 1787 2620 4208 1523 4604 95 4208
431 4214 1041 2365 581 537 1379 2934 515 4240 4798 1992 1129 4824 783 4550 2197 2780 4316 193
2026 3118 867 775 214 3885 2220 3954 4245 2936 4902 4557 2584 294 1008 4416 11 740 4476 1272
941 3368 4787 3177 1200 3815 3474 985 2291 3241 4264 769 2211 724 1107 2376 1154 3289 1843 4816
1157 4486 2388 4192 3107 1802 2526 243 2989 1441 2741 73 1127 2411 777 2143 2676 2093 4388 3815
1155 1525 203 4119 141 260 2644 3737 3416 3747 2574 4047 3177 907 93 3939 2448 4416 4369 1276
3380 4749 2895 4231 3751 1596 528 3844 3877 740 2955 2222 924 4129 382 4669 3697 2074 4956 4047
3695 1450 968 1841 2232 1849 4514 3651 1538 4086 4912 2623 3517 2516 3197 1471 1598 1441 2429 3236
1812 1565 1081 2070 2198 1704 4862 2894 405 151 3954 4431 588 2600 3515 1734 4276 406 1200 929
3939 3147 4164 451 1505 4794 1953 1885 131 4489 3588 3940 4777 1708 4826 409 1946 3296 1719 2895
1240 4 3710 3148 1628 4959 2576 1272 4794 3246 1513 2416 1343 2602 1811 2628 3775 2572 2287 833
3695 4765 111 77 2644 3792 3424 731 4850 2296 302 2567 4600 3703 1275 833 2475 4297 3460 2080
221 1142 3217 4889 4541 2728 3342 3803 719 2413 961 3128 409 4399 144 676 1835 2164 3934 3747
3731 3102 581 401 527 4817 2865 812 4763 152 488 3469 3241 2630 3703 69 4416 987 4715 4562
4822 163 3939 3489 4180 2496 3451 289 257 4583 2005 141 3703 1212 2778 2567 2183 2887 1161 1357
571 3558 4771 2286 2597 3998 4088 2623 3177 3179 1234 581 2084 4094 406 3667 846 1200 2868 1376
3057 784 4479 2974 982 3295 4989 2676 4724 1123 2838 752 109 2374 2885 4431 2047 218 4708 3787
3233 2219 4976 1377 1158 1021 2644 406 3241 628 679 4601 3563 852 2222 2219 1119 3102 4086 4350
4749 3951 3667 454 3064 24 3274 3177 2692 2117 2032 3027 1833 2629 3004 1339 3760 719 455 1755
256 3790 2865 4333 4135 1284 1541 1436 4533 2981 514 77 2023 4533 1967 1953 3338 4483 985 4026
4119 3145 21 425 4172 2993 2242 143 719 821 4827 221 2894 1241 2742 1935 409 455 2014 3809
624 2278 2624 2065 3939 3904 602 1774 2701 4112 1802 1690 1232 2722 3921 854 58 2133 492 2393
3951 512 4472 4900 2371 1158 1765 4208 1440 784 3288 992 207 406 2096 4183 1215 2652 384 4333
1432 2092 2554 2790 683 878 1755 1903 1903 2739 3104 3213 4544 844 4828 3939 1811 2117 93 2344
2087 3889 2679 3295 2644 4800 1930 2306 4945 3517 2883 858 2879 3038 1139 1447 3227 1038 4416 1865
3951 429 1250 2222 3179 3241 4692 1533 3051 1802 2838 2767 3790 2009 3383 142 1493 2355 1814 4038
3358 876 2842 3219 2222 812 3574 4533 39 4759 3490 3922 4801 4046 409 4448 2746 257 2894 4800
3037 1088 997 2936 4710 1529 3478 2656 46 1302 487 2200 2697 3683 3179 4233 4278 3335 1403 3790
3884 574 4327 184 613 3177 3241 1339 1476 3922 3663 1010 4086 4169 3267 1766 186 2708 465 1930
900 2644 2752 2186 1013 1174 1241 682 3196 333 3630 257 207 4483 3557 2393 1978 3295 1445 1175
4676 406 1885 3067 3791 4212 4573 3494 3358 207 406 310 4673 4989 470 564 3241 2672 2934 3107
1073 2708 3529 4703 1476 3451 1313 1062 2918 4416 4164 2977 4283 306 814 4209 385 2526 4480 662
4791 1436 884 4959 3479 3922 3526 986 4496 1676 556 279 717 1865 4946 4300 2413 3528 3179 4315
291 3703 2800 2554 2374 4017 2644 2978 1749 2567 143 2672 3479 1321 2229 1833 4325 505 846 4192
1887 2119 3484 3828 2708 3162 1350 2263 4660 2902 636 425 2670 4000 3349 722 3526 4815 3067 2902
4746 2510 2610 452 581 3148 3255 138 4513 4988 1100 4495 179 3703 594 1364 3179 1054 1556 922
3527 2206 609 1272 1410 4378 1801 3939 588 896 97 3922 823 3484 1529 2051 2138 4739 1913 3748
1175 1908 931 678 2719 4872 2623 1519 1613 3451 3179 4842 1135 4086 4313 37 2346 3727 3379 4233
4689 4550 1856 3877 4483 4377 1731 1625 2056 3790 2652 4398 624 297 4370 1202 2531 1379 3895 876
1612 2308 4315 850 186 3306 683 4841 2338 4942 1807 4627 4800 4830 1218 1811 1992 137 3193 3750
3939 2140 3179 3791 2504 4222 2721 728 1633 3041 4984 871 4959 2700 846 1301 406 4086 3563 796
783 1407 1422 155 2656 4333 617 4702 290 1684 1272 2115 4664 4525 4086 4718 2403 197 1450 3688
2280 401 2057 3311 1056 3217 3241 2181 1676 3401 4484 331 2820 4718 3389 4366 1747 4794 3877 3474
3238 144 11 4646 77 493 3954 2217 1200 1341 1409 3563 3826 3792 1218 1811 4691 1339 2867 2782
2098 431 1942 1102 2417 401 93 2719 2565 808 2307 1170 488 4467 1100 2509 3179 1112 3623 2488
3358 1203 4276 199 406 824 3079 4425 2347 3757 4795 752 3591 4357 3450 2231 3032 3370 4086 2816
2515 1054 2486 1885 3042 3850 2801 2259 1313 2602 4325 255 1297 2068 1724 859 3524 733 544 3390
3951 990 1218 1878 3241 788 687 431 890 4316 4653 4684 4469 1038 4178 4238 2670 1731 1934 1953
1185 3983 1698 590 1218 4112 3793 73 2861 3457 1141 2726 581 54 836 3451 4844 580 1111 3763
2997 840 2946 2106 1231 1979 3177 1135 3499 2065 4858 1623 2792 346 3922 2816 4989 2197 3815 4794
2140 4486 2509 3596 214 1517 4800 2718 4007 2200 527 4765 2083 2908 3877 1612 724 681 4957 2526
4703 3241 4131 4298 3832 1833 982 602 1051 1415 1841 194 221 883 3956 3275 823 728 2222 581
4465 3563 2461 1371 2352 2491 2305 3048 3933 1300 2688 932 2222 3292 2865 1816 84 2768 4800 419
1654 321 3904 3985 1920 73 769 235 3187 3090 3306 1278 3885 3059 4418 4749 2963 2842 3198 144
