187 4894 4968 4983 4266 1345 3367 1095 11 881 3374 1144 4266 3147 4254 1234 2510 281 488 2757
4019 240 1582 3939 1404 3703 4263 3740 2803 1533 1183 993 564 4710 3367 2574 2170 907 2856 3374
4197 1915 3326 985 2115 4281 3656 814 406 2384 4794 2790 2231 2779 1953 3676 963 488 4333 4283
3856 3815 2700 2934 3331 4865 1080 422 3016 4989 890 2742 2213 2838 74 4820 2608 135 687 2393
3558 2867 1731 3179 859 2750 2736 3241 1992 1731 2516 4815 3939 4974 968 4493 1025 2767 859 997
2280 376 3075 1578 257 2521 223 4595 2722 2719 2271 3241 2200 1234 4006 3516 1200 2311 910 106
161 878 3790 2645 917 234 3367 2346 4359 1234 2831 357 4815 253 1317 2651 2222 4017 2865 645
3489 3922 3718 4676 775 823 2719 3445 3307 2948 2057 1879 4816 1091 2280 667 1802 852 754 2637
2187 2486 1645 4236 73 3281 2623 1826 4670 389 2019 1878 2730 4936 2057 1811 820 406 719 2576
4400 3403 4513 868 3110 4333 986 1185 4723 3683 4146 3235 2843 3275 2546 980 4601 1835 4289 1991
846 1992 664 4086 2360 1827 4385 3044 64 3112 2463 1001 3179 2342 1748 3809 1415 854 1868 1496
2014 3389 1509 977 390 3988 3916 3630 3683 289 2516 3932 1752 390 4511 3416 711 1529 1339 2285
3736 138 624 1345 2932 2150 4938 4894 4533 1633 3960 1520 2009 4968 1442 4677 3954 1893 580 3358
860 4781 4094 4816 3086 1705 859 2782 4794 3413 295 2894 1536 2515 1351 3042 2220 4338 1297 4942
2637 3038 560 25 3038 836 489 564 953 588 2217 1927 4771 4479 4517 862 4240 1887 1529 3241
79 4102 3907 1885 4768 833 142 1766 3773 1532 2975 3364 4227 2580 3451 4086 3790 2914 1280 840
991 1251 798 1375 2562 3297 73 1814 4374 4946 0 3610 4327 1370 1630 3218 4294 2042 1062 2469
85 488 4245 2694 667 454 2835 3367 929 2680 1116 3152 1570 3743 3489 2993 961 3790 488 1598
995 1297 3370 2016 1657 3667 327 1862 1343 4250 2576 3775 2239 4561 2708 3198 174 2567 968 4287
4043 3179 3095 105 1856 4792 1835 3671 4841 1956 3927 37 3079 2644 4076 2563 1215 4183 4086 1930
1915 982 3145 1170 3291 332 3162 3303 1606 3648 3729 3067 1879 1200 4861 4898 2518 3038 0 2083
1737 4781 4022 1856 985 1992 3710 373 3667 4325 2628 2057 593 522 2057 410 4521 281 2026 406
394 2454 4220 2532 4119 311 1318 4141 2075 4194 1850 1628 2238 1424 4328 2831 2899 1164 4493 4415
2397 493 4119 493 4919 2620 3147 2865 2057 1957 3942 64 4350 3683 3667 2488 1657 289 257 2893
2875 3497 3547 4151 4344 414 2651 1445 3463 4363 2017 3341 3563 425 143 1218 1443 2850 93 944
4178 1234 2284 2390 1421 4811 1074 3791 3147 1859 4179 890 4798 2486 306 2061 1493 3939 4431 4022
3939 334 2232 4163 3596 3179 4387 3147 25 3547 2065 743 3909 409 1731 3179 2188 913 3043 71
4745 623 409 4562 919 4636 3079 390 993 461 56 3790 4223 1779 4211 384 828 3885 544 4815
3760 726 1345 3983 2198 2403 1161 3790 406 882 747 3196 4551 858 818 3292 3424 4049 4005 2670
3695 718 2893 3304 602 1318 4832 4370 397 4948 69 1298 4058 2778 1736 457 4266 4749 744 4607
4178 4768 4968 428 691 2718 3179 429 3220 2337 2232 2929 468 4533 2083 640 3582 754 2644 3725
3140 2510 3127 234 4850 4815 4900 3675 4735 194 4302 2865 3179 778 1588 4865 2486 1848 166 1056
1141 1830 2388 4395 3157 844 2030 3489 37 1016 2672 544 71 496 846 4804 1262 2033 3547 3548
3390 619 91 2238 3298 3978 1966 4800 1867 3588 3031 4518 3757 73 4194 2516 1525 237 4898 3424
221 2231 945 4937 602 1672 3806 812 2328 3633 2093 2733 2183 214 4397 247 968 3696 29 922
376 4874 2697 2708 3667 1218 1721 3064 4794 2718 2146 4877 3329 878 278 3177 425 2562 2894 4280
3939 2367 4003 976 1135 3147 3796 1871 2865 2156 4702 3190 3703 3725 1532 106 2436 3885 1251 740
4703 3745 3241 890 1802 4404 2222 2077 581 2993 3389 4479 1623 1996 2516 581 1614 2057 1953 1731
3520 3737 2708 1830 4005 3932 3057 4479 4202 4280 823 890 3912 2912 1763 4815 260 1185 3147 270
2811 4850 1181 339 385 729 3412 782 1135 2865 3290 3447 310 3717 4521 1467 401 2449 4151 1833
2835 1992 3241 3241 4021 2800 692 2944 2363 4632 3832 73 4850 1953 1953 844 3307 1628 4450 2442
493 571 2865 1132 969 3793 813 1450 4669 2576 4691 1294 4726 425 2278 3608 3119 106 233 681
683 4259 106 3895 1025 3428 488 3262 858 2082 4208 2985 493 4034 3809 751 4531 2628 613 2198
256 2140 4749 2644 4325 4565 796 1770 2767 3414 4798 1765 1992 922 514 684 4871 754 2371 1250
2161 465 4900 2831 4046 1841 1475 617 3779 425 353 2502 2502 3148 3691 2895 3839 106 2280 69
3939 2140 2057 4041 457 4562 3884 1605 3437 4562 1218 446 1776 4691 1883 1628 2160 3876 1991 129
890 1615 4346 2919 2086 3739 1569 662 3767 1830 878 4602 1780 2820 2914 3884 3674 1454 3790 429
969 744 2307 2367 429 3745 564 4815 4815 4832 3517 2140 745 1185 3226 1811 1218 2400 3474 2567
376 1175 3389 1355 1311 846 751 633 129 4091 3287 564 2644 980 1779 1442 4517 4163 1811 1218
4763 2687 2873 2661 1976 1339 1585 969 2317 1294 3505 2795 487 667 136 4128 986 210 812 4347
3074 1318 1233 512 4489 4637 2432 1449 2056 1389 1234 3401 4445 534 2587 684 4099 3551 1953 4855
3552 4531 698 4119 4169 4989 3117 740 3357 2652 3927 0 3922 1944 3495 3543 1112 683 2820 3233
3695 1810 4604 969 991 1529 4631 401 1321 501 2679 961 941 858 1088 4347 2719 636 1830 69
2294 3106 749 3292 1913 890 203 662 3170 4245 3236 1802 3563 1011 4613 4379 545 2468 370 2056
747 1988 91 271 2392 3145 3114 3829 3405 3179 1779 3899 682 1186 4735 2115 80 94 2339 3839
2425 2372 2057 2879 726 1343 2187 1863 1909 4086 2584 2308 2733 662 3348 3485 3747 3691 2597 3317
40 3306 613 3275 1157 2422 4794 2393 1174 3680 1899 3262 2835 3939 444 3241 1991 2338 73 2193
2355 4872 151 581 2308 2439 1715 844 3233 3502 1355 161 636 3983 327 2902 4533 484 2326 754
2725 2233 3761 3939 3885 1315 1080 3179 487 4102 4521 3447 1111 1802 2181 4047 4748 3498 1776 1835
2355 3187 2580 1155 1628 1145 1851 1913 3635 4877 29 2576 2750 1218 3714 3275 2226 161 2222 4872
4423 1095 2411 3582 740 4169 4768 1881 3275 4516 1203 4398 3703 2122 487 4086 460 3307 163 4484
3674 143 3389 1896 3241 208 1450 1379 1424 3179 2670 3179 3515 3680 3877 2280 1580 2539 2296 2028
1896 2934 0 4677 3042 3311 4476 1307 82 3267 1091 2727 2122 4957 4223 4768 740 1992 1200 1887
4320 4635 257 1866 4445 3747 4930 4748 1763 3736 1460 3873 1913 740 3032 3847 653 3450 2568 4401
