3305 4021 653 2393 4946 1992 1731 4086 2902 613 2463 4481 3354 4655 2216 1737 2463 2150 4938 4992
3636 1450 166 1105 1976 4798 3942 4086 4748 1859 3717 73 934 3091 918 4113 4164 4158 3922 4086
4504 544 3953 724 2157 3174 645 194 1460 1450 4398 1721 455 2697 2033 4620 3768 2750 2424 2694
4750 4945 854 3042 1258 3664 2450 3690 1053 482 4299 662 4969 867 2070 1765 918 912 1115 4112
4866 1200 2260 247 2789 4516 4750 4005 3179 3017 2521 922 46 1058 289 1173 1967 4283 210 2431
4382 3563 3270 1077 2461 976 4011 3737 381 977 1853 2211 3595 3803 1428 1865 4610 4969 1992 3217
3695 564 2831 617 3884 1112 985 1551 3241 3384 3747 2745 1157 3747 564 3241 703 2296 1328 1218
759 2680 3319 1976 405 514 1393 1095 4288 3748 581 2785 4339 4569 1454 2532 917 4405 4484 2624
378 1393 801 2515 325 828 1181 2222 3241 4800 754 173 341 141 1202 1893 2567 3424 2775 3731
1240 4254 1234 3641 3042 2057 1719 1291 4446 2117 4969 1880 3179 1737 1941 1191 1649 4894 1134 1019
3517 3803 3503 4815 3535 4540 864 4508 488 3924 3136 1548 3292 2644 29 1749 3157 2725 2727 1533
3489 144 2246 2549 712 3939 294 2057 3179 3820 1865 727 2024 600 505 2486 3691 2307 4366 3241
2014 3703 3489 4319 4919 4771 581 1533 3596 261 3727 1424 4815 3939 1180 488 4622 991 2902 4288
3429 1142 2182 646 2911 3729 3179 3241 3985 2566 4517 922 1450 4112 2509 4919 1008 4919 3779 409
2934 1805 832 4003 1017 2209 1162 2934 812 3262 878 604 3298 2627 2414 4068 358 945 4221 4133
3937 1323 1636 2894 890 1496 3791 2097 2518 3939 644 4354 3106 278 3495 3649 3970 406 3607 1785
2411 3675 240 4214 4975 283 399 2581 2644 4600 3145 4086 4853 3917 1305 3823 4112 3633 3196 4600
837 1533 3939 629 2692 4401 3042 4119 1218 3703 179 1842 544 788 4333 2286 3475 985 123 846
3003 3881 2014 1376 4278 847 0 2894 2211 3306 1899 2164 1270 4288 1259 3524 2112 1203 3072 316
2553 4350 3983 3367 2367 54 1814 163 2057 4636 3247 84 4316 401 2146 4617 1814 1707 1856 3697
679 890 260 3245 290 1992 3106 123 2205 4691 4815 2086 3809 1934 1811 1523 2047 3032 406 3675
256 4280 4570 1538 2672 3367 3066 4086 1646 307 607 2997 1310 230 397 991 2221 4325 161 2930
4774 4894 409 624 3976 3248 613 1343 1749 512 3396 715 1529 3525 1554 1832 2332 219 1112 1721
662 3639 944 4515 3572 3530 2222 676 166 3241 4038 953 1591 4310 2965 2546 3478 4240 1142 1089
4609 269 205 2825 3588 4716 1065 1645 3910 2057 3107 4562 4841 300 4992 4456 3733 412 1296 146
4970 3229 4459 2897 4794 1953 2661 3196 424 4749 2009 2970 4483 3168 866 1763 3645 2364 1355 3926
1430 1088 1447 1731 4815 3506 397 155 3306 2865 4677 369 2413 4804 844 1628 1521 2048 2057 3179
4781 4350 2607 406 1371 549 2272 3605 2865 3680 1112 1776 4431 1520 1128 2638 2733 4819 1591 4551
564 4863 3551 4937 4832 46 2468 1523 73 2526 345 1454 1580 20 2840 4043 3075 1991 581 1614
4260 719 4496 2568 1112 3680 3067 4748 1721 3787 1685 4841 4543 3651 654 4325 3170 1376 489 4516
2265 883 1143 2439 3388 2305 29 3703 2347 3177 2186 883 1450 4893 1976 645 4238 100 2073 3075
123 305 1953 3448 4313 2284 1960 1621 3829 564 3241 1913 73 3464 561 3038 645 1282 289 581
2338 564 564 1930 1881 401 2360 2936 2410 4676 98 4681 1355 3710 859 4909 564 676 1943 4278
3695 1364 3038 4533 2567 1287 2649 1112 733 613 2214 2223 3370 2927 1095 412 1320 2805 868 933
2271 1661 678 2208 2730 4067 4532 1339 3358 0 3190 194 375 1691 2718 3790 271 4968 538 2428
256 2404 3889 676 2448 3480 4691 3121 669 3151 3488 4749 4761 3065 2948 2305 2032 3090 1768 4405
3193 1113 534 3832 1214 2513 911 1953 1986 1267 2779 1426 2146 1990 428 2259 1010 3939 2126 1398
3153 1731 3939 3939 2800 435 3725 2741 602 2576 2542 4562 3962 1957 1227 4262 913 3179 2708 1347
1142 513 3272 1572 4749 1298 731 581 2223 869 1802 370 3324 290 1218 1522 64 1076 4970 2042
256 581 1096 1765 521 558 1623 60 2726 1249 1415 1947 2872 2347 2363 2535 2216 4900 2439 2295
2048 2117 4374 378 1697 107 2490 1129 895 1982 3275 3939 1354 2644 4420 3539 2697 2041 1415 1989
185 3680 854 1012 2763 1752 3367 3419 4058 304 2311 1218 3658 4794 367 1628 1802 4076 1192 11
1497 2140 1170 3898 3630 2088 2311 2174 1225 4748 1343 4670 2904 3306 4320 4651 854 769 2250 1588
296 3856 4514 409 617 4253 2475 1957 984 4483 2574 859 1811 545 497 4511 717 3873 2309 2028
3204 3551 1529 1529 66 1459 488 4333 1240 3179 2644 2780 488 2428 3310 4959 2486 3591 3310 1325
3703 3893 3055 1653 1183 4777 4288 4005 1451 401 4374 4794 1953 4600 1334 4405 4783 580 552 17
1251 512 123 401 1896 2993 2486 73 3951 2284 193 401 733 1355 2164 3241 3725 406 2655 186
69 3939 3939 4763 3499 3695 2697 1862 4086 3042 1405 2527 2602 1909 4347 3001 4800 4817 2630 54
1240 3179 4337 3527 2521 73 2725 3201 73 2217 3832 619 3032 2116 1967 1855 2255 2122 401 2013
773 3868 4894 613 1614 4366 3389 3428 624 1218 3305 4750 107 1638 4814 3145 4366 3763 3717 679
2755 3179 2108 3675 1659 4794 1742 4543 4119 3667 719 598 3428 1461 3148 4601 1657 289 3234 3295
4479 4469 3530 536 3309 3683 289 3287 1878 662 3165 2521 3916 2093 2232 4872 1623 1953 3790 401
3951 295 29 2894 3114 4314 3179 2255 4086 986 3402 2106 1218 4086 339 50 4858 732 4483 3790
1623 719 3190 194 3916 2719 3040 1578 4523 2669 2670 493 581 2307 564 564 564 1371 3939 4368
3358 2501 1450 1013 316 209 715 892 2568 2575 740 2005 1278 2703 2656 1579 3329 1415 370 1415
687 900 2461 4316 4120 4007 3849 31 2339 230 538 3763 3976 2957 4832 1779 4643 3248 1802 4038
653 3145 1056 3856 1200 2722 363 2157 3054 3194 4391 2125 4989 1863 3275 2486 3405 4325 551 115
4794 2271 3649 991 2790 4875 3497 1183 2886 4800 129 4267 1142 4274 2574 1798 3832 3719 2529 922
2155 4591 2728 1339 1833 4904 3747 2304 2901 488 1862 1215 4300 968 2306 729 56 1927 1883 3791
1902 3042 4227 982 961 2755 4815 2142 2938 2981 3924 2016 4032 630 1814 4702 4987 765 1251 869
2866 2576 2032 2106 2940 3292 1496 2930 2097 581 3139 1128 2514 4771 1403 4325 2856 3405 658 401
3939 1354 2289 3666 4302 4609 4622 4262 1254 4772 2805 3832 3075 2734 377 2953 1325 1363 4158 2758
2007 455 3747 3954 670 2250 1232 114 4208 2179 729 385 4169 1442 3903 3929 2444 2170 2367 4557
1240 1915 1436 3605 564 3241 3877 1296 2882 4919 1567 3794 2439 1181 4088 3790 4395 376 4086 3815
