1236 3343 4233 79 3791 2449 4783 4822 1940 2785 1393 4112 4815 4815 3939 916 2927 3552 1833 2248
4622 3358 869 3784 4923 11 538 3873 1067 4086 1176 4194 715 4316 2222 1158 4531 4841 2654 4169
3043 3877 3489 2567 4550 215 4967 3288 544 3003 29 515 4327 4956 4459 803 4316 1364 2562 2278
2399 922 2050 3832 2306 3887 653 2638 1272 840 2462 4218 3080 1845 581 3296 2529 2513 3305 4112
1298 0 3763 1812 258 4227 3821 704 1447 3199 3839 2726 3889 2122 4214 3943 1173 4513 4528 1307
3645 2768 375 2697 1161 2057 1953 55 4874 4872 11 3075 1135 1109 1539 2355 788 230 4366 1761
3939 664 4902 788 975 3740 2486 1300 1776 2239 4279 3246 4617 1471 953 161 2222 4798 602 3434
890 4337 13 4084 351 4826 2723 993 1953 2412 4204 581 3091 1323 1203 1854 4798 29 917 2981
4302 789 3683 4611 1530 3147 4341 4533 787 2057 155 1302 2057 3939 1371 294 525 2186 3475 3367
4609 2831 4178 1323 78 3374 1359 867 4763 1851 3896 238 3790 3217 4889 1326 1529 3666 3680 4639
3462 3149 4528 672 3171 4050 4815 1915 2913 1389 4562 2065 4815 4284 2708 289 4062 468 1683 1096
2140 2520 814 1684 926 4192 3683 4262 4985 758 307 563 602 1581 2911 4046 581 2457 600 80
1328 703 2565 4533 1275 2683 664 3696 2566 4676 2083 2428 1091 2586 3216 4794 2146 2442 3495 291
451 4827 1913 2683 359 1599 2390 2397 256 1859 4176 255 3306 1950 3199 3066 4510 3939 29 3939
2565 4607 4858 255 3357 4794 3665 3549 2820 4327 4207 3428 3341 2087 4852 29 4578 2486 4374 1811
1968 3102 477 2305 4086 2317 2727 3594 1717 840 93 3530 1803 4818 2082 1637 3488 328 1060 3630
4163 3582 4086 1471 2341 2782 2222 2339 613 113 3196 1529 2052 3599 3474 1992 2305 455 3574 4472
3939 792 751 1991 50 1719 1691 2568 4533 213 1599 4739 2057 1881 461 3686 4557 3228 1876 3742
4043 4523 1835 3922 1329 4416 3775 869 1335 1218 1811 1869 3164 3003 2267 4169 1963 3715 3323 3419
3 1200 788 1212 4670 2030 3489 1820 3138 2205 2511 1218 1294 205 2074 718 2993 4086 488 1844
1185 4691 909 2518 487 0 3350 1174 4270 3887 2464 2967 934 1059 414 1339 867 1591 785 4517
2425 3035 0 2057 2306 1150 3153 4142 406 3675 1591 1123 1347 672 213 4145 2068 698 161 2222
2638 4400 2644 3410 1992 390 3147 2244 3162 2848 82 7 2852 2749 1464 358 1084 3157 4951 1716
4152 1142 3324 2057 3898 4088 2585 425 1855 2871 1530 922 2066 1234 581 1998 1533 876 337 1953
208 609 1794 3703 385 3187 4858 3241 2798 2938 1067 135 2222 4858 2708 1447 485 2849 111 2873
2280 2515 4302 1342 425 4021 4888 545 3962 1942 2709 2894 3348 544 1849 4661 488 4222 2074 3573
715 1851 3015 2791 3916 1802 2679 4841 2262 4601 3179 1690 477 1412 1763 452 581 3157 3489 724
3939 1423 4800 917 4489 914 2567 1723 1183 4073 1835 19 0 1811 4333 199 4316 4086 1978 207
4639 2993 3038 460 59 1913 3685 376 3638 374 2088 1056 1820 590 3021 4416 3897 3893 564 304
3081 4288 131 4084 4278 4795 2583 4923 1701 305 3572 4005 488 3939 3939 743 564 2644 4113 3737
4609 4665 2318 4601 2911 1218 2902 4352 1777 672 617 812 624 1185 4158 4954 1839 2934 4118 1915
1584 912 401 1359 1992 111 1234 1450 2006 1287 4625 3038 194 1112 3959 3001 2569 2840 1161 1879
2971 3403 3770 291 918 539 3112 4416 3884 2219 255 1731 268 3241 4541 2790 3066 3985 1802 3367
3742 3736 4677 3038 751 1523 103 2584 4541 3070 25 645 4306 1719 943 3939 2655 2424 2346 3038
4195 638 4678 2986 4414 4050 1110 3060 4268 3517 2780 2232 2338 234 1574 3703 2219 2278 4169 3404
3932 580 2033 2778 2902 3794 2146 1698 1061 1409 4172 139 3572 1915 1765 1200 3578 131 3858 58
291 385 2896 1684 2574 1138 308 4737 73 4405 68 2576 488 2175 2308 3517 199 3670 106 752
1162 3521 358 3011 3696 397 879 74 2286 572 1960 1181 2750 1549 3787 756 2742 4669 1990 1325
3354 2911 3179 4484 71 2450 995 3314 4042 409 3916 4086 2867 74 3226 1623 3396 92 1591 1882
1665 560 3796 4293 4584 3241 890 2865 3695 3241 2865 3710 21 77 425 235 2850 1653 4745 1811
3404 3 1200 2856 726 560 3680 406 2209 3535 401 2567 336 1379 2140 2442 4086 1442 719 3358
1273 2789 4090 840 93 602 488 488 4350 4170 3663 4238 1389 1062 1978 667 4283 1978 1240 1800
4445 98 537 2154 1514 581 1001 1915 174 397 953 3563 2486 2576 4112 4691 1364 3829 1350 4723
1010 3939 4854 678 719 2861 1787 719 1376 4288 1337 2672 3581 2603 1174 1183 530 3916 2679 2448
662 1896 4077 2439 4842 1579 3695 4019 123 401 2057 401 724 2685 2542 3498 3770 1983 3241 4212
1142 580 2222 1614 897 1749 671 525 530 2254 261 4652 2800 1447 872 961 2934 0 4983 3374
4692 1871 3241 4523 3057 2057 3526 2222 2429 1216 2120 3588 4831 4646 3551 2977 3710 1838 4183 4169
4484 716 2308 1721 4595 3515 3583 2644 4472 4669 4562 1992 3303 1894 455 3675 664 1533 2580 106
4822 792 322 3370 4601 2187 4572 2657 3117 1840 4748 3532 1200 488 1701 579 3747 1833 2483 585
813 1765 2308 1721 1102 1449 2188 3775 25 3790 485 1731 3145 2296 255 2344 3389 4368 2068 291
665 3598 4676 2193 4380 1436 4893 4125 205 1824 3779 3871 3358 4402 4061 514 3737 2209 4125 4027
3873 4578 1278 633 1953 399 2339 3560 2374 4139 4562 1365 1455 3117 3683 1830 1147 3736 1234 2865
715 907 1371 4748 815 4872 1306 4414 488 3251 1445 3091 3976 740 488 239 3680 916 4523 2421
4484 3348 2511 3179 724 1614 3703 4514 3524 769 1094 922 3575 3791 3405 633 674 740 3 1811
409 2475 3449 3885 183 3451 1462 3736 401 3482 409 4183 2600 2486 4266 600 1883 1017 665 488
93 3546 3803 2308 1992 664 3192 2374 4505 1330 4865 289 984 401 904 2267 2811 115 1816 2331
488 916 2075 3102 29 917 460 1496 151 1249 947 1406 2014 455 488 4130 691 1291 878 2930
3588 3124 336 3568 1701 4816 194 2659 2820 2775 2386 703 2692 345 3424 401 1599 4325 4720 883
3951 1059 3675 922 4900 4900 4771 581 1128 4316 1080 1234 4125 1657 2924 723 488 1848 4794 1996
3279 3664 770 4220 726 2498 2824 11 2820 913 73 186 2232 4163 1112 3586 17 4903 1450 1218
4187 4327 2510 2957 1318 425 504 636 3675 3179 4416 3995 2856 2993 1815 2070 3582 991 2219 1464
4841 3305 1776 1249 4283 3282 4171 4245 3675 425 392 2567 1371 683 1326 4794 4406 653 3170 2506
1039 1996 4533 731 917 4132 3978 818 1996 4858 1894 1533 740 488 1240 2692 740 3428 4576 4626
488 3959 2056 3241 3916 1925 1876 428 325 2727 475 3879 4284 2444 2865 3219 4600 3422 4245 664
