462 2222 1960 544 123 1893 1157 4743 1450 3075 2480 581 872 3044 2578 255 846 4472 3147 3680
3636 21 719 2521 1541 4746 2666 29 4280 290 3939 1578 4006 891 2511 4794 262 1547 352 630
1013 4571 3469 1447 441 1371 1381 1296 4113 3922 602 3147 465 871 93 4370 1833 2374 4679 4222
597 198 769 1168 4743 3418 3498 3653 3561 2981 1421 1153 3877 3885 4158 2566 3874 2702 564 564
1 3038 3145 514 4261 664 2115 1581 581 2566 4794 1531 282 3790 2567 3187 2056 1450 2057 1267
3939 2140 321 3791 1514 1415 4474 4158 3495 3637 2996 2812 1008 1844 4146 2965 4240 3856 4533 4472
231 4468 2687 455 3736 96 3275 281 4408 4242 1776 3102 98 3182 4022 4325 3523 1323 1112 3629
3883 1067 716 4095 796 4900 2526 2746 4771 998 3683 455 4705 2350 4955 863 874 3601 2930 3605
784 2245 2740 1991 3809 482 1143 2223 1936 4615 968 4533 4562 4113 2023 1724 602 3179 2311 2643
1101 3939 1935 2755 1691 2202 3149 1887 4472 962 3667 1978 3390 260 50 754 2138 4086 113 2374
1312 465 2883 4339 4333 606 290 3685 1982 1189 3615 4119 917 1913 3688 2649 620 2146 2869 590
3575 3241 530 752 4391 1646 633 3856 153 4816 2656 2244 74 3416 851 740 2308 170 4737 4302
1185 2994 3038 1795 4681 4377 2516 425 293 2963 2239 3264 1096 881 2778 4798 4832 854 3131 3551
3736 73 2894 2231 4968 74 4859 429 3056 4724 204 186 1991 667 3563 1 3563 3241 2652 73
890 4689 512 1112 683 2501 0 1102 4600 2861 405 457 968 25 1589 1415 4259 153 2865 802
1665 2222 3179 3523 4787 3101 805 1848 1252 2767 4086 4853 1112 4761 2735 674 1447 370 545 260
1647 1424 4877 2515 4278 692 4114 651 4483 3608 4014 4343 997 2827 184 3719 1232 3748 3676 715
3695 401 1827 4524 1447 4297 2842 3942 4254 3292 2708 3179 2881 4483 2532 113 3196 2912 4718 1570
493 683 4561 3588 3880 1802 4989 3703 3179 1707 1424 968 719 4632 230 3551 4710 3792 4744 3877
3939 2656 137 3107 2619 2562 2644 3179 113 1272 194 2056 1302 2222 2272 4974 3877 3001 939 731
4231 731 4227 1232 1537 2331 2932 1721 1726 1496 4757 2656 3107 3145 3653 4416 4607 3686 3582 174
1250 2032 194 2722 3793 1351 3657 4557 25 291 796 1195 3352 3793 2894 4314 2222 812 619 4800
4178 3703 4800 527 2280 2200 859 1017 2231 1294 844 3795 1305 1627 24 428 636 2651 3301 1802
500 3218 3248 1992 1816 2062 4327 1800 4894 2742 2692 3939 2126 1445 3292 4510 2072 4815 2736 2526
2896 1128 2638 4085 4754 2788 493 3461 968 55 2701 2076 4899 567 3117 581 310 3149 3877 4484
4005 1811 4240 3714 2816 3595 3696 3017 1424 2734 1305 3569 2342 1806 3939 3959 118 581 581 310
3954 1349 4208 1715 1712 2542 3736 3038 19 1802 1814 4456 3262 1970 2763 3547 666 671 1970 4026
2209 137 1200 2410 291 2188 3775 1967 1371 375 3601 1128 2521 4278 1985 2260 4136 4240 624 4989
860 4208 4818 3622 3057 1326 3196 0 1445 3689 3416 493 1112 1421 3690 3153 4068 4628 4458 2799
1915 1915 488 4208 3574 1112 4288 683 0 3032 2601 3718 3320 3138 1598 4531 488 488 2675 3017
464 1647 922 3475 138 670 3248 3935 1124 290 4928 2057 3179 1708 1858 2347 1835 1942 4472 4794
2509 1657 289 4541 4058 1262 4570 455 261 3241 208 4635 4079 852 4401 3517 2675 345 4366 159
4816 29 4758 1992 1218 2214 458 3179 979 2820 2780 1747 2179 2199 2602 4179 2993 2944 1529 2981
3856 1218 4158 3719 3778 602 406 3478 289 1013 4472 2296 406 203 488 3939 800 1953 4503 3476
4443 207 2790 1038 3209 1655 2806 740 4054 311 1484 3179 4835 1168 3241 2996 3419 3451 2038 2038
4664 1812 3248 2155 1915 661 1359 2093 2057 3550 3248 3597 564 564 3304 2725 2536 4150 3930 4120
3380 2486 2486 2562 2188 1992 1523 2656 1585 3412 1752 3117 3976 4427 4333 1371 3148 3498 3204 3733
1417 2832 2894 1410 2390 544 4017 597 2428 3758 488 3690 1088 2146 1942 3892 4218 4510 1833 4266
2382 1915 859 920 3498 2554 2308 1879 203 937 4192 1780 3311 2222 2382 1625 1529 923 3241 73
123 3683 2389 2816 3985 1291 1267 3790 1701 488 4959 3681 2670 3873 4086 1835 2913 4281 4245 2628
3099 1737 3582 3562 401 235 552 3488 2032 3885 501 2127 1614 4259 698 2199 4431 2963 1415 1707
4815 2066 4397 2033 4636 686 859 2977 1807 3121 2902 1930 961 1001 867 3591 1520 795 1199 3885
4443 4895 2576 3778 3615 2189 801 1075 1364 751 2180 1232 247 3517 3204 844 3795 4735 4112 3102
1250 726 4481 2042 3216 2463 4808 4086 261 3875 4043 406 1010 4155 212 4247 4777 234 3067 4156
545 2486 796 4819 3523 2450 4235 1200 1811 4240 2644 1890 1244 3179 2302 2542 581 4817 564 1496
2997 1343 93 1891 1141 2551 2286 844 1512 1953 1343 3740 2465 431 3374 2305 2057 1953 1755 2865
1915 145 2057 1147 4213 3696 4213 2921 1347 4021 3414 945 3710 812 2463 2155 3495 812 4980 4983
2140 4178 4431 870 2437 1631 2193 4712 581 4135 748 2057 1225 4370 3064 4420 488 918 4047 2676
658 3013 346 922 1436 889 3525 207 2865 1231 4533 1881 2088 123 2490 3241 3145 261 2033 1927
488 716 1215 1514 2429 2198 614 313 123 401 3821 1326 4288 2450 4795 1197 2140 2933 3241 1493
3765 4801 1841 2296 401 4794 865 1992 3896 1 3535 2068 1549 4211 3370 1991 3435 2308 1051 1523
3736 3885 471 2222 4283 1908 207 3747 581 4817 1455 3953 3275 3988 3488 4146 4652 3424 722 1749
2278 3241 2993 2574 3675 73 2725 1081 3675 1218 2820 1275 1925 4377 3306 1707 2719 2806 501 2237
4703 2856 2057 4815 3939 1794 4493 2902 3614 630 224 1953 3179 359 321 1475 4245 173 724 3683
2471 1150 287 1967 1529 3075 1497 790 2659 2881 1330 1003 4919 878 1261 4171 161 432 2770 2041
662 2790 3501 174 3370 4236 1395 1200 3737 3179 636 1787 638 4368 3506 1718 1181 3241 2644 1833
2115 2063 3358 255 1464 1326 3569 4425 2374 488 4214 2347 883 796 4794 3932 4692 3280 4605 4483
2238 4800 1504 581 722 2177 2085 382 1457 2516 4416 1802 2287 3923 111 3489 3179 3141 3367 4321
2085 4380 119 45 2701 3102 3120 617 2680 3551 4235 719 1909 3515 4763 2512 3001 1747 2778 3051
687 406 3241 399 943 151 4815 4314 609 1953 581 4416 4384 3241 3703 3358 3434 3241 581 2308
669 2198 1258 1665 3370 1075 1815 703 1200 2718 1676 884 3498 3770 2507 1881 381 2567 3001 1209
4379 792 4410 2881 3925 2062 406 2958 2838 1835 1408 278 3675 4297 876 4094 2895 2532 237 1761
757 719 4554 1811 4240 3682 3314 385 3832 3563 3190 334 4872 4119 1379 1112 2186 1393 1010 2651
183 4775 1439 468 111 1763 1244 3668 2691 1520 135 4350 4600 731 4628 53 4561 642 4245 3747
