1175 715 840 3141 711 1726 3439 1237 4238 2384 814 3102 581 2826 235 4005 3624 3370 405 3787
3307 782 983 883 2811 529 3974 1967 3680 2070 3038 2316 3475 2726 2851 1250 1708 3535 3611 506
2657 878 968 4058 3794 4005 330 1195 812 4683 4086 1080 4769 3736 4310 872 667 3877 871 4332
4822 2367 4245 3419 2930 4789 166 1749 406 221 4112 2267 1400 785 769 4139 4405 3909 3305 622
2280 2671 43 2109 4562 4388 3179 1272 2574 3162 3932 4833 1811 3984 4350 1614 3530 3070 3932 155
1688 4006 581 4120 106 4983 113 257 980 1657 4936 3675 1170 4794 1930 3217 1292 1812 1749 3145
2956 3730 4021 1427 3484 1533 4245 2231 412 2021 2023 3 1713 4821 1475 2216 59 4663 1731 4284
2826 545 1428 1882 832 4996 3112 3591 433 3695 2121 1541 2509 4479 3878 1992 2074 4274 1903 3116
725 2106 800 3207 1992 4775 493 2835 3939 588 778 1367 2463 1330 538 3422 1112 2463 401 1517
982 4489 3145 4815 1117 4872 2057 1953 581 4416 4633 4698 4088 2885 360 224 4815 4325 4670 985
2866 2285 1881 4510 3276 1338 3862 3177 2946 4992 2150 2778 2254 2516 581 3629 2725 1614 602 728
2348 2833 2442 648 2377 3129 4024 73 406 2056 1167 4236 1475 4618 1447 739 538 4245 581 2567
4979 4975 2577 618 3885 400 392 2410 4691 2439 4794 1450 918 846 3568 2532 1835 2231 113 4740
890 59 1525 530 2708 1835 4557 4703 105 153 3955 2429 2146 203 2083 3076 3038 3574 3348 1412
373 0 3916 1067 617 1523 2421 2433 2986 3085 3939 1913 2903 291 991 488 1953 2232 1750 2486
488 1665 143 1835 3783 3825 1440 4086 1355 4989 1475 2133 456 270 3563 1650 1741 4815 1814 4956
291 310 1978 564 869 4416 3939 294 581 4483 2580 918 4077 3179 530 3386 108 1321 4300 564
3737 2574 4325 3038 3675 2742 325 2530 917 3227 1355 2150 3948 2076 1028 2539 4989 4815 4528 3578
1677 4800 2305 2562 401 3179 1100 4472 1447 73 3747 3892 1400 576 692 1428 4692 3645 1985 4333
1983 1863 1579 380 210 4086 1755 2118 3228 4428 3091 1683 812 4763 2728 161 2096 3135 1870 2071
3099 253 2120 3320 1992 3307 4302 2566 2057 4094 2516 3877 4316 3916 29 2057 2444 572 1614 4050
259 3489 1951 3041 581 3633 2708 4483 2842 1379 1726 3138 4763 3097 1727 4832 37 4620 1867 1300
447 4303 174 4262 564 304 1605 2692 452 581 3241 4388 1302 3983 2188 11 1811 3567 1628 3361
4650 4297 4817 4319 1281 1953 50 289 2222 3401 2865 1811 4029 280 2842 313 3904 4086 2306 3038
4005 315 2718 703 4188 51 1598 713 1811 3552 250 1573 148 2262 4359 834 1753 719 4845 2975
784 1731 360 2454 136 1475 1302 1362 4508 2879 937 282 27 2038 3953 2306 4169 4425 1811 4938
2559 3179 2554 3563 4288 7 1967 3790 1185 1124 2208 763 4416 1276 3196 4622 4254 2182 313 3804
3056 1773 4065 961 2217 4033 4832 256 4379 3289 3017 1538 1443 3823 3670 2509 3939 375 3668 2778
3645 2149 1785 3801 3450 4326 1772 4758 317 1591 3105 2057 1763 1218 546 3731 2542 1435 2357 2865
3703 3790 1017 4208 1795 2307 3809 4236 2611 261 1930 4286 2577 2600 339 2070 1991 3715 2417 4338
747 891 3568 4995 2615 3808 3036 4066 3075 294 3147 4084 4284 2031 1896 4179 1404 2521 409 1656
3378 25 798 2600 2208 1953 2975 1947 3181 1533 1075 261 2296 486 2382 3896 4362 3117 754 400
2289 867 3245 1372 2378 1811 2670 4794 1827 3374 2439 4027 1850 4761 3939 3793 1572 4320 3451 3192
2014 2709 4940 4469 1811 1930 1107 3474 471 1525 4900 2865 1200 703 380 3683 3675 4351 463 2850
500 851 2216 4272 4550 3038 3154 2865 3680 3248 1415 2708 455 890 4475 73 581 564 2742 1235
3257 2758 4090 3317 3248 2289 4368 283 1591 4414 917 1056 1858 4639 3520 3236 1657 3179 3179 261
3193 3957 2109 4601 728 3106 2217 3017 4974 686 1200 3067 2838 2273 2144 3121 3469 3472 0 18
4063 1032 468 3667 4278 1200 4172 2775 477 2598 2325 3012 3228 902 3890 500 3714 4981 537 4417
1665 3199 3790 360 4889 3682 3908 2220 4786 1768 1977 859 3790 64 884 330 4940 946 3645 4718
896 669 3329 4529 2652 1768 545 1404 2356 3872 2778 146 4930 4936 4531 488 1585 2390 3038 1721
3045 1447 1935 4094 2053 3535 653 4368 29 3622 4737 4691 2584 3796 4376 3793 1135 1075 1520 3460
1236 3589 2885 3703 4514 604 985 268 2461 4403 4046 3696 1218 2558 4281 2034 2198 4893 820 4176
4703 1624 1628 1326 4646 612 1992 428 151 4919 2082 4657 4488 3147 520 3826 2861 4957 2142 844
1450 4005 4476 4815 1760 291 1681 255 2521 4002 4316 4749 683 1056 2108 4981 1106 2294 2195 3107
1794 3511 4527 4129 4718 2977 2310 543 3244 1610 2466 1396 401 409 4691 1114 1236 1882 1144 4794
4903 1218 4991 1321 3445 1844 722 1091 4620 2990 4561 3106 4832 2239 2574 4051 4405 1841 3338 80
4794 2314 3517 390 817 982 1305 4385 3517 2850 1034 2888 2803 992 2725 488 4357 1633 2515 3790
1668 409 409 2510 1061 4815 85 385 2331 2214 632 4421 2899 2542 719 4691 1010 3939 2211 4335
2676 1001 1657 3489 2963 2258 4013 3918 2820 1765 3582 4366 788 567 2065 210 1305 2146 2459 4842
745 54 3677 1698 3791 580 1930 2894 1447 703 2428 1091 4909 4316 3128 4131 1231 1707 564 1727
1644 3895 4668 937 4410 4128 1915 2623 360 765 896 1186 4862 2656 172 1645 991 2849 1371 37
4623 2084 2878 4531 468 2598 2126 982 4815 3939 791 4691 390 3504 3947 1841 2260 3489 4919 1329
954 2220 1430 2205 3401 4676 4550 1907 2986 1522 2013 4794 2365 2692 2981 3363 1549 3221 3281 581
3939 1173 1412 3042 613 313 2679 2734 4815 4431 670 1562 2718 77 2211 3451 2597 3179 401 2142
4881 1802 4850 397 3550 1628 2600 3441 234 3596 724 3588 792 4989 2892 632 3877 1722 2206 1424
4338 144 2181 1802 2584 1719 581 1930 3275 3241 2934 1991 602 2417 3779 29 3327 4966 2827 4235
1665 3306 4750 4049 4568 2628 2180 549 3751 290 1375 4120 1450 4302 1376 2057 37 2971 3241 58
1862 2890 597 279 852 2975 454 2927 1612 290 1218 1200 2844 4584 583 324 394 161 171 2598
982 4794 2880 1329 2778 2057 4266 4015 2244 664 406 4353 2439 4004 3013 3574 724 3683 3502 4284
4445 937 1423 2532 4284 2584 2390 773 860 922 4816 2763 3635 3515 1990 409 3983 385 3250 726
4815 4792 1218 4983 1238 2426 4663 2628 2692 401 2360 4254 3241 3718 4818 54 4794 4794 3796 487
488 1379 4900 3748 608 2193 4531 4531 2541 602 2193 4909 275 1953 581 1482 1809 3147 801 169
2628 0 3261 444 2565 1339 1445 187 564 457 3179 3241 3295 982 3279 1056 3137 2842 4361 2367
812 3498 3796 2342 399 4735 1244 1578 2532 2140 409 1649 2390 4666 2588 3988 4781 2816 4050 1652
