2280 4981 3489 4316 3403 4651 1200 1900 1339 1272 2812 4691 2865 460 3018 1525 855 106 3877 2683
3380 375 595 3675 1647 2584 3884 2632 514 3306 844 1531 2198 25 773 2865 64 4842 769 2339
676 3179 3791 2521 4125 2628 4195 2849 4556 3367 3912 312 3016 883 4325 763 3478 3667 3728 1815
3981 1011 1992 1523 1667 2567 2486 1597 581 2009 581 3165 521 3307 1769 1345 397 763 4050 336
854 4794 1953 884 3338 3517 4600 4818 623 260 4691 4768 2652 2894 1135 3042 2721 2800 3563 3525
716 4315 2088 37 3585 581 2993 2930 2449 4113 1060 1818 4078 2536 4691 4691 2145 917 3791 2308
2205 1913 3919 3179 1636 4562 3939 1244 4815 3951 1772 289 3011 150 4818 3001 3801 4657 341 1436
1059 3566 1270 3412 2164 2532 3412 3117 3776 2549 4013 2506 2393 1992 3874 4783 2671 968 247 3302
135 289 1944 1628 1424 3591 4007 3105 3787 3727 977 3954 4723 3695 642 1713 2339 3948 3499 4380
1880 289 1119 3390 4800 687 3888 961 3728 1074 860 1296 143 247 1117 3241 1721 2510 2840 255
4443 3765 1254 1234 3532 3675 3311 3998 1010 2637 703 29 2861 2057 3745 482 2374 2209 1816 801
913 2959 4771 731 1991 2327 2516 2749 1765 2768 2644 4316 4562 3279 2559 3862 2957 1359 29 1421
3703 629 1567 3370 406 213 1953 3954 3497 1929 2885 3312 185 1077 261 3075 3787 3444 860 1287
486 4995 2551 1781 1556 4204 3853 885 4357 1863 3275 4183 2486 1798 25 858 1292 534 2220 1261
482 3747 1 564 428 4146 2117 3686 570 3790 2644 1714 2567 401 3784 1198 4887 2649 2198 1937
4909 93 4225 4601 4889 3445 488 4214 1227 2492 537 387 4974 38 963 3478 4246 1787 3076 73
2798 4280 3667 2993 772 3352 645 691 2009 1614 3075 230 3179 4316 2222 3358 2511 1476 2796 3337
1902 922 2140 3281 2809 2602 1947 664 1930 4832 872 3190 4150 406 3847 564 1991 1646 3517 488
1802 3241 1421 3667 1218 1421 1218 3394 1379 2628 1862 1258 1350 2188 1393 2025 2120 854 2928 3939
990 3035 3517 4763 3551 721 4366 3152 643 2620 2934 1978 2986 3179 667 3877 4643 4393 3695 724
4815 843 1714 3574 1199 3596 4677 2770 3887 1450 530 2955 3358 255 1095 4475 860 2080 131 260
465 4469 1520 1849 2278 4989 2076 3884 255 2296 1799 772 1779 137 4007 4408 3568 2299 1464 397
1250 2198 605 77 1625 687 1168 4565 2869 4748 890 2584 3255 2644 4302 281 4815 2410 3725 1001
1185 2762 1811 545 1856 4489 3625 980 207 24 1794 3105 2347 610 2820 311 334 3102 4664 4655
500 1795 514 2115 4418 4327 3839 3101 2757 2048 2458 3683 3489 3563 112 1930 1731 1067 4795 3075
1436 2222 2683 258 1718 1766 2352 3384 4086 833 4263 1078 3778 3790 662 4253 2948 2449 783 2929
4794 4158 3474 3227 3508 914 3452 3851 4514 4968 1161 3790 4094 3451 4749 3588 2811 2702 1646 3790
4148 1874 3241 1598 3128 3543 69 3696 2065 3671 1475 3736 74 253 2848 1729 2250 4236 1652 2999
889 1964 2222 2738 4316 3179 4827 1520 3290 3179 3059 4919 2058 3486 197 4872 1555 1533 29 3885
3668 2820 2701 4406 2657 1292 719 1200 3768 1119 2902 4297 2789 623 4872 1339 4044 2656 1862 4086
2510 1758 674 398 4562 581 2384 2093 4350 2061 3401 1477 1262 1113 1372 1625 3291 1447 3763 602
1915 1516 4297 4414 2607 968 1450 271 1339 1100 3898 512 841 1271 2155 2388 3651 357 425 3070
2287 129 852 622 3903 4818 4771 345 3788 4235 4163 3015 1 2331 385 2644 581 3304 4870 4870
2371 1310 679 455 2726 3772 796 2820 1086 4024 2280 3828 939 2521 3323 2972 3042 1272 208 1060
409 2407 2726 3129 4472 2182 897 1445 4794 4279 4327 3713 4229 1366 2542 2627 289 3778 4586 581
3241 3695 2736 4357 1049 3683 3760 4749 2175 1523 4427 2516 3552 1841 3729 3884 4097 2674 273 3667
2140 4185 1665 4146 1504 1913 3016 4388 1684 1118 4292 1095 3809 3984 238 1009 3451 670 3526 4749
3380 256 4119 4278 3284 4792 721 1218 2670 2250 2514 3241 4702 2847 2093 2057 1056 488 2382 1364
2459 1946 963 636 3767 4818 212 123 1871 4800 4135 4691 3419 3563 3563 399 3871 2517 347 4576
3358 985 773 1010 4830 2497 4711 2955 3370 2848 676 2554 3091 1296 4163 654 4669 2790 1747 1697
1240 571 844 672 3953 4266 2126 3986 4391 4414 3877 234 3017 4923 4446 4401 405 3179 985 4417
4187 2713 2232 3256 2509 4794 1440 4279 3683 3179 796 2894 4288 2789 2728 878 1267 3551 4763 4550
4005 4251 564 2742 3179 3179 1345 4086 1794 2042 69 1091 3939 2248 3787 4951 2193 401 4794 2746
4358 1224 229 4800 4567 1999 3491 118 1915 2363 3882 3214 4405 4877 3148 939 394 3732 4091 308
1879 844 3145 3479 2725 131 4900 4484 29 2665 890 544 4265 72 653 3317 2799 3411 2652 3148
3939 3939 4549 1049 1772 3446 3253 4118 4816 653 1930 2521 4514 2306 4574 2726 3531 2725 34 431
2959 245 3348 3370 4484 370 2174 3267 1448 2928 721 321 2488 922 4123 3283 3262 914 3241 4850
2063 2955 4179 515 2516 398 4137 209 3796 4169 270 261 2941 1758 1652 135 4761 2374 1582 4528
151 395 1725 1241 399 2549 3329 2179 1942 1200 1796 458 2775 4811 2734 4800 1113 2981 1913 3984
214 2598 3733 1830 1272 4867 4794 3193 4660 775 2065 664 1930 1734 833 2652 3957 186 4800 3179
2629 493 4351 4541 1979 401 2400 2656 2056 3663 34 3733 4159 549 901 3939 564 3241 3939 297
2125 1231 1727 443 812 1189 796 3113 1329 581 2580 1276 2645 1718 1882 2006 4600 1926 4737 3939
3238 4848 225 1103 1570 3567 3497 1958 4618 1589 2346 676 1811 2791 512 4976 4673 4483 4327 1947
4815 4656 679 2344 1 1089 2195 1777 2081 4990 401 3552 2567 3651 3804 4163 3333 3600 1218 3703
3939 3447 1863 1126 1929 3747 4254 545 1076 913 3877 812 2540 4703 4245 2843 4118 4533 4646 3402
4595 4366 1157 397 4701 3461 1202 1393 560 3778 137 4366 3358 1992 230 1649 4086 1930 2488 203
4400 3096 1447 4528 1802 3913 1251 4208 2902 4073 1731 3309 385 2326 0 2323 1014 4378 909 3539
937 4880 401 1883 1294 928 2913 840 2146 3840 653 85 3518 1061 4794 3175 2422 4816 4483 1946
1142 2412 4501 4815 2567 261 2648 2428 564 564 581 2062 4744 3489 1833 4138 1970 3583 4424 3778
4831 1339 3691 2511 3482 3653 4794 234 311 1653 401 1992 1324 567 3978 3179 2307 3896 624 2117
1175 653 2480 2567 150 792 56 1691 173 3658 2239 3683 289 2871 4075 1652 3899 2232 3591 257
3747 653 1701 131 2284 3744 724 2865 922 2196 2292 2620 289 1404 4702 2214 3216 904 287 993
1267 1111 321 2140 1691 1862 865 726 3090 3877 1034 754 3577 2584 2900 1904 3987 1788 1305 3223
4703 4418 4562 4800 2770 2591 2749 397 2220 4842 397 1371 3793 2757 2114 4214 1533 2673 4214 3724
