2896 3939 3451 4533 1857 818 4028 2974 373 1183 2614 1913 3480 1371 3619 4802 3703 3898 3790 155
1726 3703 2074 670 401 2144 1614 4718 2728 808 118 4158 985 230 1449 4815 37 564 3241 4637
2471 3988 69 429 2442 4692 741 230 186 406 882 338 2217 2574 4325 3550 2169 3744 2504 4333
3884 74 3856 3382 2057 1294 1514 1170 2093 2057 1112 234 2074 1690 783 3985 1835 3107 106 3177
459 2222 1560 2526 262 1302 2820 25 3790 703 501 2065 4366 2574 2624 204 1447 4271 3731 213
2303 1243 2590 3692 428 4342 1080 3179 1849 460 2722 4334 4749 4960 3156 3416 4607 143 3600 340
619 4617 4334 4112 3563 4685 2231 4985 1583 4521 4366 2357 3696 73 4280 2574 4600 1181 39 3489
4261 2911 3683 289 3488 397 2057 4391 488 488 2113 4003 2391 3404 530 1992 4900 3471 1804 455
409 289 3651 2554 488 2208 3564 2299 2373 234 623 890 4049 2614 4979 2106 964 3787 3839 247
982 2858 3102 2031 3984 2718 2606 2232 3696 454 844 4794 3027 322 74 4833 4550 2220 2865 922
1573 1795 1529 4782 2197 3581 2683 1460 1749 1218 3587 3935 860 2326 1038 3370 4316 4086 1625 3877
571 4562 3241 2934 3896 4643 4675 385 877 2111 2567 3832 2554 1603 3875 4038 740 1323 2895 320
4392 4858 3824 1546 29 2223 3535 2820 1421 4794 3436 59 4391 1253 4894 1010 3939 1403 3386 3815
749 2708 4086 4270 1623 3177 2866 3988 3241 1994 3954 3065 3172 847 2763 3820 1992 4235 3148 3140
4050 2373 4227 4086 1080 1707 310 4727 3059 4850 2727 1835 3851 488 1088 1747 896 4572 1684 812
579 4852 3233 3974 1442 819 991 1240 4086 4180 4050 3790 4158 213 651 525 2282 2308 2280 3680
1893 4169 3341 1349 3736 2833 2861 29 3035 4794 4316 852 1460 4179 2656 3179 4483 1464 2224 4125
1937 1676 3486 2809 4514 401 86 2164 4771 3517 4398 409 3714 4151 1454 4381 3156 2737 613 2347
4706 2187 1421 324 1124 1173 1282 608 4140 3241 3725 2222 0 2644 3675 1112 1807 1376 3676 530
3248 4691 1081 988 2539 2461 4472 2444 247 3983 4218 55 3736 4677 3682 3306 2308 2211 3038 1646
684 876 1142 4278 4624 4238 3499 4169 260 3740 4677 1249 2231 2093 1953 2725 4691 1102 1998 773
973 4350 1528 4021 2538 4842 2188 488 2093 3806 3932 2697 4414 858 3370 3311 261 3582 662 990
549 3531 3006 564 2567 3348 1856 289 749 3241 3731 289 2480 1614 3790 2676 3918 3962 4562 2567
4664 3582 740 3451 3714 4153 1747 878 1830 401 2849 1302 86 2738 4663 4791 277 1195 2943 260
1915 1657 3915 868 1445 2652 1992 4086 3747 4613 812 4119 3582 1913 1862 846 992 982 1450 3551
4210 3117 1657 4703 2934 4796 4696 3042 1478 4796 1376 4938 1189 731 401 2164 688 3965 4562 2838
2959 4082 4843 922 2554 4754 3736 3686 2894 3395 1777 4145 3157 968 1765 3680 4095 4233 3222 1087
2811 488 2867 0 3038 890 406 3976 3153 564 3588 2428 4284 2062 3667 1200 3861 4158 2523 1475
2287 1356 1964 2790 4316 2894 982 2656 2521 3791 4420 2538 3241 564 3241 4979 3674 2835 4086 1095
2620 425 1321 2628 2095 2211 4405 4366 4116 1349 3717 3696 1125 1445 141 2783 1623 4254 3307 1898
1240 3551 3988 3001 2719 3664 3416 2770 1102 1726 636 3719 2019 1747 878 4517 4327 905 917 629
4802 2216 3250 500 2913 688 235 897 3304 3367 4251 161 4533 1633 3180 2222 4133 3796 4489 2778
653 1139 2893 4820 1811 497 4350 3535 3832 1811 1218 2475 4288 194 4158 302 4278 2695 2222 3871
2666 3685 3675 1599 1953 1986 2628 729 4194 932 1982 931 1447 2032 4663 1539 2924 2048 2742 3416
982 2713 2676 4279 1443 281 4129 1858 3563 425 2403 2944 3044 1915 43 726 4628 0 1392 3747
205 2516 2504 3190 520 878 1777 4990 2694 1334 2567 1578 3610 1371 3847 754 2726 1514 397 1125
3652 1343 2644 2670 2913 3907 358 2727 3607 4670 1164 1731 4800 512 1252 2067 4750 2866 822 1288
423 2993 4351 852 4533 4271 1200 2026 3075 2568 2422 662 4374 3680 3939 4366 992 2346 1374 1749
2996 1375 2669 4620 1112 73 1186 1114 3563 1296 4651 86 4208 3241 2117 394 1578 4031 796 2398
4073 1342 4316 1244 2883 1259 3799 330 2302 3790 1930 913 462 194 4974 2280 721 2057 2339 4794
2280 3680 3871 3038 36 4657 4579 911 4456 2063 1541 3350 831 4169 1075 161 2222 2033 487 3079
2971 500 4904 1741 4902 4800 465 2282 4325 2051 683 580 4794 1512 2254 4832 2146 3916 247 3877
151 985 1107 137 4318 2075 428 4208 3241 922 2838 409 504 2239 1811 2174 2428 1349 2287 4909
3871 4132 3230 3450 717 982 4815 4350 280 3159 4632 1355 3976 2481 883 1841 64 3821 136 3949
2996 4169 2412 3939 1281 2629 3794 3414 2750 583 396 1234 1435 3334 4208 4152 2894 2009 2896 4704
773 1359 3148 387 1512 1505 2463 370 4288 4746 1102 603 931 1450 744 3610 2223 427 2896 2820
2014 4163 1200 3367 4068 2062 1300 4530 2820 3466 1827 1431 414 2780 2583 1731 1533 3380 3121 2287
2140 1638 425 4245 1343 3883 53 2458 2538 2296 3683 1261 3510 406 2488 4514 1824 4514 581 3683
589 4562 531 1218 1811 2035 4763 1992 3689 3688 890 2584 2306 3401 3107 922 1261 1261 3179 4771
3558 4483 1533 1835 2384 597 1334 244 425 844 4102 4406 2902 2216 51 3680 1447 3635 4666 84
2532 1785 662 257 4782 383 3342 312 2205 1200 662 2849 3192 1062 2057 359 2645 142 3710 1658
1722 2164 4264 1871 2510 3415 940 54 2065 1310 4850 3591 3003 4820 795 581 3091 3076 1143 3751
4815 2191 715 3121 945 4192 163 3939 1075 3434 3317 2030 2248 2568 2004 0 3899 538 1095 2792
1421 3884 257 2615 2211 1442 1966 4214 308 2895 1777 2515 726 330 4815 653 1696 1505 1953 488
3695 1980 4832 360 3154 754 3793 1726 722 1802 2187 2486 1 1170 687 2574 392 1091 1091 4853
2238 653 1111 1364 54 852 1141 1388 3108 3179 1863 11 2339 4822 1992 3007 1538 2367 321 1294
3760 3877 683 493 1879 3675 2657 719 409 1731 1934 617 3815 401 3023 2676 1529 913 3489 3179
784 3546 4119 735 2339 1818 3736 2222 3395 3348 1862 2902 2425 1718 2102 1459 4341 4479 1603 793
4225 1447 4770 3108 1731 3563 2270 3595 19 2838 3515 769 4815 3792 982 2628 2778 4228 3165 3691
1612 4531 2083 3695 3665 3655 852 432 216 4496 892 1084 3445 4887 4235 1075 1707 3725 4113 3725
545 1249 2911 4225 3939 886 1202 3595 1976 282 3719 4832 1763 2839 3986 4169 823 2839 1508 4393
3035 3871 2774 1953 3401 2057 1319 733 3306 2486 3241 2986 1424 1591 2883 1857 4333 1119 2198 233
3042 844 214 4685 3779 111 3179 929 904 2093 4528 4533 2392 2913 761 235 665 2302 401 2697
841 3840 2592 2611 4510 3037 4338 64 1267 4592 2448 436 1575 1953 4527 1898 93 3507 3078 923
