2066 1112 2057 3823 1095 488 85 4525 2323 1424 82 3809 1525 1747 1111 3306 599 115 477 4794
3951 2656 2222 4989 3517 2385 4803 2057 37 2017 2574 3939 1579 4989 1019 833 3528 3572 402 3117
1802 377 4086 4916 773 619 436 619 3517 982 2773 406 624 2973 4818 2280 3368 1100 3419 564
4845 4794 1339 563 3426 2542 2566 93 4370 399 4350 2516 1683 352 4777 792 3394 917 3370 2162
2085 876 2447 109 2117 3887 2566 1095 1036 536 4887 3849 4794 3674 390 143 2057 1796 493 3197
2543 4443 1142 982 3962 2486 2676 401 3697 135 1802 3802 3668 2584 3157 2692 1371 2486 2894 1155
3850 488 840 455 4325 544 2644 2981 207 399 3320 3287 2061 1913 2928 1992 1218 1811 1218 3703
1599 2057 233 2187 3725 1232 3102 2366 4374 1347 2991 822 4520 740 397 2186 4874 73 3904 2521
4676 2824 3008 3323 750 82 2106 3939 1355 624 3772 3617 1234 3820 497 3076 2374 77 840 412
2287 2439 4245 3179 3295 3401 2475 4094 2516 425 2736 4576 931 2934 4533 878 698 1203 638 3075
1915 665 4169 719 1447 2554 3935 2005 69 4050 160 4129 2710 4667 357 1262 111 2403 1864 536
3631 24 2647 1942 2042 2914 4129 1417 3935 2509 4280 1170 0 4448 1597 221 2957 3179 4889 2057
2014 4315 3059 230 2428 3683 2966 1813 2248 4086 1293 2442 1988 2220 2143 4794 1953 457 406 1262
3302 3610 4484 2150 1770 131 2688 323 3038 3680 1035 406 2728 3983 982 68 982 4667 4366 567
4533 4500 3614 1811 2365 406 977 172 3925 613 1983 1262 1920 703 3691 2542 3645 1763 3695 29
1946 717 229 3125 3736 4850 1300 4416 394 3764 321 3241 2044 2378 4304 183 2850 3416 3731 2164
890 2566 1017 2868 1779 183 867 1814 2986 3983 73 717 2421 2056 2504 2697 2963 460 1776 4374
3695 2308 2902 1844 581 4768 1830 2065 4749 4014 699 3791 2745 4484 744 1992 1824 3680 1407 3733
1240 328 360 3568 3362 77 488 1678 3139 201 2510 1908 1881 3241 2616 4005 2599 4965 3873 1371
1654 3382 1253 822 2763 1087 3157 2296 3535 2336 1267 3140 581 2689 1155 2047 3586 4247 1946 2047
1100 3281 401 2379 3683 3370 2850 1709 4399 1537 4700 3876 662 3042 982 3764 3769 1625 3141 2123
1978 4486 581 3041 564 564 3245 3241 2558 1062 3737 2532 3710 4739 1215 581 2009 3221 3035 2876
2838 1060 3922 401 654 1477 1533 722 1554 600 4604 2290 769 2554 2567 820 4510 2374 3551 789
725 1718 3992 1811 3396 4966 2679 4492 1200 4607 4235 247 4562 1218 52 1991 3480 2800 1565 455
3695 564 564 788 1244 3517 4761 3939 1030 846 3196 1529 2211 1421 3386 3241 3976 3851 3686 4731
1456 1457 292 4880 653 3167 2792 2584 3241 4405 3179 1863 3275 3177 3241 3806 4046 1562 1887 1390
1001 2885 3999 2659 1302 2231 371 3350 3959 2831 2515 4278 2427 816 2444 493 4354 613 581 3275
2280 773 4340 678 3620 4031 532 3947 3021 4691 4139 4794 1953 525 3168 2388 1228 2714 4657 1076
3628 3336 135 1761 4676 1343 2016 289 3793 2957 2791 3683 617 1530 4119 982 3382 4214 950 4062
2997 1662 1623 1435 406 3246 935 4159 3695 3528 3370 4655 2363 3042 3517 4311 4496 551 3983 3568
1192 3241 922 4414 2140 1234 2311 4539 581 722 3790 3932 4907 1060 883 961 37 769 3157 3675
3119 4514 3832 4316 724 2566 1017 3327 2741 3790 1667 2452 143 2048 2598 2861 654 542 1372 597
2576 4576 339 4196 1346 3685 3767 4737 52 3220 1985 3348 3614 3131 2464 1404 1730 2057 609 321
2084 1506 72 3484 1650 2461 3776 2468 4333 2390 1129 1886 1161 836 2790 969 0 3283 922 1389
3204 4595 3239 1001 3675 859 1347 4676 1345 1592 3241 628 3060 2222 4295 3204 4472 1896 1199 2056
3523 4281 3526 2913 3145 1625 397 3922 2584 4832 1623 1953 1755 4561 537 4354 679 3747 715 1583
4208 3736 2334 3925 3402 2057 2087 2407 4815 1095 1770 812 3056 891 4107 1464 594 726 1276 1144
3558 3877 2945 1298 4017 4020 238 2190 3809 2278 2865 4201 3098 2868 756 859 1306 4958 2675 4864
488 488 4689 4533 1953 890 4158 2461 1570 528 3869 2117 3879 1204 564 754 425 1410 4862 768
3376 4815 678 2442 1075 3713 726 2057 1091 2134 153 4240 4761 3275 4322 2602 3608 2734 3877 1882
3844 1556 4527 4754 1891 4782 1645 161 617 2163 4521 4027 2150 174 3157 37 4517 2413 3696 1373
256 2222 1913 3551 560 1183 2357 297 4467 1056 2411 3803 72 2856 4576 4038 3412 852 74 571
3856 4987 2521 4361 617 3790 3528 4667 2820 3311 2866 3162 2226 3451 3221 460 4816 2486 1300 3658
503 1341 4396 1696 360 3899 3867 4794 4316 321 1881 260 833 2205 3866 844 3645 657 1929 4469
4169 4235 4416 2770 551 1331 1646 3877 3386 3591 3820 4842 1841 2146 4235 1141 2559 3043 2562 321
2085 3524 4983 3538 3916 4761 2993 3247 27 2185 220 1152 2525 4414 2258 813 4483 3664 1989 4280
1215 4749 2062 895 338 4682 4496 4484 1539 4483 3794 4541 4794 1081 2820 4353 106 617 2750 1100
1240 4049 860 786 1403 581 1410 3029 4894 2623 1894 833 4564 197 174 2306 3136 917 3790 3187
3382 4169 3517 2676 4483 2790 1106 2581 1755 1091 406 1 3588 413 4254 3179 2222 77 4675 2367
1768 2442 2276 3725 4809 1432 3675 2902 3790 3077 2323 2479 4391 4667 3364 2032 3767 425 719 3281
3171 77 2374 2146 401 488 3262 409 2032 545 425 2656 866 207 3492 2563 3635 3401 2885 4510
897 298 4872 431 3869 488 1347 2186 51 779 3899 473 3177 2842 501 2198 2374 3925 1125 985
4405 4601 77 1525 3241 3943 4533 2911 4985 1056 1475 1816 2694 1853 3451 3672 332 638 330 1008
854 567 3574 1978 3790 662 398 136 4822 1418 1529 3248 4472 4541 1720 161 2470 683 0 58
2066 3190 3128 2567 304 2222 2075 2066 3179 1779 1898 4557 2057 4420 3196 3591 1951 4180 1628 3939
2719 207 4743 1991 1212 2574 3863 4974 3210 2287 2231 1094 509 1493 2757 4214 3367 4950 1827 1193
4540 3074 3877 1202 2865 137 664 3295 3463 1664 205 2861 4550 3736 193 4557 1531 2567 3478 3987
2773 4899 2542 2840 2516 3305 873 2574 713 1991 2306 3042 230 3179 4938 2580 1143 2164 2828 4336
4815 2493 4595 1421 2692 2733 2374 2208 3523 1603 2155 1938 1254 3497 2850 4132 4425 2657 4942 425
2083 1978 1096 1830 3866 788 25 2882 2235 3278 2057 4651 2468 3659 29 4333 3154 4798 2676 4756
4593 230 1282 2966 1992 3298 3244 2988 820 3145 1913 2460 2038 4377 3976 3995 1424 598 4707 934
2012 3603 4288 4399 1252 4904 3269 1802 564 4677 1908 1614 3207 580 3619 956 883 4800 4135 1142
2811 896 4280 255 111 3390 4850 2746 3962 3703 4858 2867 2222 2488 3270 4862 2914 3699 3658 149
3737 1272 2316 1777 3455 1334 3224 1633 4669 3703 1913 410 662 1887 844 1953 2676 3748 740 2057
