161 2222 836 3979 406 1953 662 4333 3927 1508 3763 3925 4405 2526 2752 2143 1091 2179 2412 953
4169 298 1684 4694 3591 3528 230 1929 1896 3719 2389 3922 3264 3497 4169 79 1450 1991 1557 1950
3951 1768 4835 4659 3241 1588 788 3497 1718 3416 4375 360 77 3828 488 4260 1200 1565 4607 2133
2342 2199 1737 613 4240 488 1045 3832 3927 2374 2644 2754 778 3451 2820 3495 4578 1549 4768 1435
2238 485 2567 4816 4208 4163 3078 1088 2091 2511 2697 3001 1475 418 3775 4778 2338 261 4832 1275
1185 3801 4155 4562 746 1450 123 3962 2509 4126 3241 1598 1948 3154 0 260 1880 1056 890 377
3305 564 3241 493 2033 1589 3489 1749 4820 4460 2676 493 3646 4264 417 2653 487 3517 4287 2885
2044 4679 1048 564 4610 724 449 3121 653 731 1200 4172 413 3978 600 328 1076 2626 74 4316
151 916 1445 4446 4820 409 2334 2842 3145 1325 1343 2205 3179 4771 3017 4450 3786 4418 3311 1796
1185 2222 1726 2308 2083 4264 1755 1953 2342 2403 1407 1073 208 2521 852 823 4483 2911 1719 2521
3534 556 4561 3889 2231 2902 969 1399 3939 3751 2638 984 1898 3489 1325 4514 2775 2180 3102 4233
2725 844 3626 3348 4862 3297 4970 4591 1713 2991 818 2867 3872 666 581 2865 860 2854 163 3576
1902 1807 401 3912 3877 3287 1811 1075 2106 1377 3000 2806 722 1611 3179 1556 1234 3885 3393 3272
4794 2725 3434 4413 793 1218 1811 409 3179 787 3136 3563 2057 1633 4288 1550 4832 1953 4694 2894
2928 2463 2463 257 3763 466 209 1731 3925 2126 4551 1275 1330 2561 938 934 2820 3177 728 2146
854 985 3790 2226 581 4333 3667 2993 4026 2428 1658 4794 3694 4903 2161 1992 409 3292 4850 756
4005 2198 3982 1980 1371 3187 2311 4316 4320 3767 431 653 212 1430 2361 2115 2480 3241 4841 2736
4532 1691 476 4021 2311 1218 3323 4942 1937 1182 4070 2895 1415 3745 3663 754 3241 2433 324 3821
4531 841 2602 2567 2367 4938 4280 769 2143 1113 4533 2842 2718 1202 4472 4333 2214 4171 4058 3587
2208 2824 1014 61 3179 3179 2729 4570 1940 2952 2328 2254 2981 653 3579 4005 703 3875 4254 1272
7 2211 2156 3747 3147 2865 4830 3179 2444 2449 3688 2502 3370 1108 2524 1947 4268 514 2550 3563
4650 2816 4484 4600 420 3358 3474 3464 4236 3241 667 2372 1260 375 527 1521 458 2946 3517 4227
1527 3681 826 3647 1815 647 3939 3179 3696 3896 4613 986 2023 3179 4851 1969 3489 564 1234 272
890 906 4415 4794 1578 2126 2840 291 3305 2718 2596 2820 2231 2584 1953 2584 4800 4533 4727 3059
3299 3067 258 4806 3267 4193 271 3453 2527 740 488 1597 2865 202 2363 4316 2736 3793 977 1144
4657 1456 4923 421 2790 2532 2224 4338 2989 2896 1128 3241 2048 4850 1340 662 2329 397 1445 4033
2896 198 495 2074 765 2188 3450 143 2708 2981 2993 2363 429 1321 2411 613 1749 1533 4339 291
2773 943 4919 3714 4722 3179 1241 2068 4400 4483 2061 1067 1113 1796 1080 2820 4235 581 3683 3760
597 1162 3727 3745 3179 581 1067 2365 1457 4518 2527 2793 3794 1830 3934 3972 1202 1649 1262 2033
564 3241 3382 4058 2820 1384 554 1109 2326 1502 1579 1035 2734 3275 2439 2628 1991 3091 3489 3075
2422 2782 258 1430 3681 1001 854 3362 4992 3904 401 4636 545 1234 838 3121 143 4681 4718 2222
2308 617 751 2993 3649 2676 4396 4391 3241 3035 2140 1160 2934 3736 74 4398 662 4591 2652 4493
2733 4325 3056 1105 3296 1424 2126 3049 4471 439 564 3932 2804 1535 3863 3985 602 2826 1647 1355
4771 1203 2871 2865 1975 2311 4319 2755 883 2259 4794 239 223 3794 2657 2100 1330 2067 4816 3817
4272 3038 2526 3296 3091 168 2757 2725 520 4995 1977 1953 1946 2652 2944 405 161 3551 3793 3079
2004 1153 2676 2266 375 4518 588 401 3311 3011 2865 3939 3595 1737 2652 3703 1447 201 3680 985
980 812 619 4284 77 2117 1107 1839 1965 4159 3367 3194 406 1724 2087 3431 3747 1016 1330 3369
1298 521 1796 396 3059 2311 3552 2356 1514 54 1930 2486 4833 4484 2513 260 3939 769 3112 3241
982 370 2526 2584 4483 3675 2709 581 3791 818 2390 2001 4627 4969 3747 3803 2645 284 186 1749
2798 624 2440 194 687 4416 3695 1067 1812 69 602 1514 409 360 4116 3661 0 1830 1447 4472
2085 1909 4169 77 3961 56 3510 4628 4562 2614 230 4557 2532 4599 683 1181 231 1245 3066 2378
4800 3564 2894 624 488 488 3095 4685 1857 3898 0 538 4280 4989 4979 537 1081 2231 1625 258
1880 137 2515 3179 2508 2033 3048 773 1153 2474 3626 3791 660 2644 251 4037 4245 1161 613 3794
2811 3515 1878 2278 3079 3790 4322 545 3747 4316 1218 1811 1218 3552 4391 688 234 1438 954 3241
683 438 590 212 2616 3611 2887 604 2905 1721 823 2824 1135 2762 4214 4794 3585 1943 3667 3954
4610 73 1623 4451 3003 961 4163 1200 3488 3793 2913 1996 1833 564 4427 1834 2404 1091 2378 3614
580 3695 155 3215 3791 294 3179 4366 3292 2580 1580 3029 3939 3939 1386 3809 3541 2451 1796 4311
4989 3504 2057 2106 703 4113 4551 3489 4864 2066 2851 305 3241 2780 4170 664 1723 4653 1376 2581
4824 1896 1749 2311 3689 3327 4086 3032 3499 470 1591 64 2725 3233 1371 752 1102 2236 2727 581
1185 2561 2542 4028 969 4483 4591 339 3430 3686 3079 71 4058 724 681 3179 1200 2115 1768 4233
3358 2997 3801 3651 3370 3603 780 401 4903 259 2022 4900 1593 1721 3038 1161 1815 2601 3685 1802
4691 726 1722 1628 4819 377 3607 3551 2669 4950 3740 1726 1582 4227 817 409 2232 4796 2668 4815
4800 2993 3569 203 3809 3664 2628 1824 3031 591 4172 1251 4086 3922 2096 719 4681 3179 2219 2367
4707 2848 537 882 2630 4086 4567 4563 2015 2912 29 3091 3563 2671 77 3117 1496 2308 4568 3032
3124 376 3064 812 2735 1321 726 985 534 3280 3652 2057 444 3367 3066 722 4541 1477 3847 3356
2937 108 2027 1234 3703 2231 1379 2952 3634 2026 17 4479 2120 457 843 4280 1953 2628 4533 3962
342 4859 534 1564 3179 1318 2338 1646 1232 1549 945 1953 2164 4664 956 3041 4663 3563 2306 687
1902 3171 728 1162 581 3733 488 488 3076 4794 406 2217 918 1450 1218 2229 3305 4887 2600 4280
4581 3038 3977 4361 4476 2413 2612 3814 3939 1942 3517 4640 2164 1811 3177 24 3779 2486 2651 3003
3725 85 1029 4500 583 3525 2607 968 823 1112 3703 1275 2861 4639 3815 2496 3856 4521 2763 483
4382 291 3703 681 3179 1707 4815 3801 3778 1915 406 1199 3536 1986 4794 2332 4816 69 3484 2220
3143 1219 982 2665 935 4350 2326 4739 4708 2481 2074 1862 4781 1521 3744 260 4670 2739 3877 2056
2219 638 4314 1795 2725 3042 2778 3559 2232 3187 3683 4086 4620 3952 3999 1679 3367 4339 209 4584
890 1983 3453 2701 719 3595 1305 174 4815 2567 1811 3430 1695 4953 2718 665 2398 733 3992 2526
