3448 824 1517 2423 3478 1587 1614 2780 1899 1953 4558 4858 1896 4794 4022 3778 1275 401 3891 4058
4445 1666 714 2866 852 3003 4254 3791 3117 2308 4837 3962 3261 1318 2723 3147 3461 1112 1679 1445
3939 4235 230 1538 3863 3491 945 703 2308 912 4153 4063 561 2041 3034 1081 58 4394 1834 278
3528 4086 2189 3726 892 883 608 4750 3939 4314 617 1006 508 4807 738 2708 4164 2453 1649 602
4178 1343 3241 2671 2469 4502 1678 2325 798 2365 1091 4899 3526 1763 2384 1953 1698 4557 161 3098
2027 488 2958 504 3729 2733 1995 2644 3241 453 378 946 2728 4459 414 3358 624 2461 1976 2084
868 1533 1639 4094 2164 2057 2486 1992 1991 988 3669 1309 1691 3177 2816 2995 3551 4798 4469 574
4798 4928 1027 2023 4900 3179 409 2232 2709 1928 3568 4019 2774 1067 1624 3883 1598 1525 3179 3241
2848 4240 965 2598 2126 1447 4982 4771 3370 2520 3491 360 3306 1562 4731 2329 174 1625 1011 3517
1185 2939 1292 2421 19 4794 2975 151 3763 2666 4761 3179 3531 4842 2260 1928 916 1126 4858 3691
662 333 1731 2702 3896 2530 2921 4798 2634 4357 153 113 3796 4815 3939 1450 3179 4794 2271 2975
1718 3847 3877 3348 1014 3277 3102 73 4438 917 4900 617 3191 4757 3424 4499 679 2105 3829 3916
4816 1613 2796 1614 599 4237 3178 311 1541 564 79 4280 1598 1236 3204 768 2644 3194 352 1079
3939 3162 3689 2115 37 4005 4483 612 3850 4827 2736 4804 878 1164 2202 2520 2278 4900 289 3241
1113 2271 29 1098 3223 1707 3939 3939 1731 4086 802 139 4310 397 2966 455 289 544 1991 752
1915 1029 2463 4086 2870 3954 1445 2736 3695 4800 3877 2933 4815 493 4669 3500 745 3675 1802 2121
612 2865 1623 2345 247 4815 4723 427 998 366 405 4043 2848 3294 1958 2146 823 4711 3737 544
1765 4492 817 1233 1992 4768 837 2501 4771 2669 1697 968 860 2056 2278 3179 774 812 670 3035
4628 255 1727 1765 2060 659 2126 432 4761 3954 3828 3072 3836 526 3796 3685 564 4357 2842 316
3377 3615 3779 4152 2057 3939 3241 773 818 4729 2542 3541 3165 1511 1913 162 922 1881 744 1856
2576 4794 4427 774 2222 1625 3367 3835 2875 1935 2231 1198 2875 1856 3412 4316 4158 4667 4483 3515
1915 2576 425 580 1953 237 3727 4333 1153 2727 3918 1355 1167 1475 1091 4419 4533 3845 1930 3131
3701 792 2782 4416 2480 3887 2930 931 2222 4525 3090 3742 3747 4225 3831 468 4086 310 3596 749
4903 850 3153 4800 2993 2900 1410 815 613 1168 3287 457 1251 4391 492 593 3747 2542 4261 4800
890 129 617 1903 911 123 2804 4212 3479 3737 109 1366 2596 883 2506 3697 230 581 3563 3379
2670 3179 3110 2304 3179 397 3601 4555 27 330 2981 1623 1225 1343 2302 3588 4094 1768 4794 2164
4000 3323 4752 614 3241 3495 2516 4794 1421 2584 1598 3001 4073 2981 4946 4664 2727 3051 4882 636
2679 3805 872 3079 687 3683 564 769 2536 4994 3524 2644 4533 4112 37 2575 3317 3311 2219 73
3645 580 2308 1514 4719 3819 1946 1251 1533 1747 2248 2824 878 2347 571 1430 776 2539 4245 2232
4945 4798 4278 1170 4058 77 3675 3362 3832 3375 1219 3430 3939 289 1194 194 4267 1449 1112 545
4811 3551 4907 2060 3939 1379 4316 2013 3515 2167 1447 684 1135 4815 1802 1459 2865 3123 4135 4494
1881 3029 4321 4862 3081 3287 986 4320 3227 4925 2736 3374 3179 4820 2668 3836 1991 4630 3179 4945
4833 4562 4159 3147 2719 4250 1157 4826 3517 3179 1538 1946 1562 4999 1930 1848 2379 1278 3217 3683
2287 1440 2749 2913 2930 1666 1260 1371 32 1779 3680 1668 2689 4225 4528 3962 3532 4086 3836 4288
3939 1915 143 2832 3491 4469 1835 3317 3038 1447 223 1424 3117 1400 2007 401 3727 247 3255 4816
3042 4063 4800 3348 581 4815 144 4014 4333 2346 4405 4535 4027 1726 4806 965 358 3462 406 2842
4703 1484 4152 823 56 2388 769 2393 206 3510 100 1654 4938 2393 3500 4565 2117 4199 662 73
2729 3434 2038 712 963 740 184 4691 3703 3790 143 4601 3448 3067 2223 3367 1953 3643 890 106
4207 3939 507 105 759 2308 3241 3374 4794 3107 194 2138 4735 4826 3405 1830 3703 3793 29 875
136 443 1256 1449 4648 1181 4815 4400 4112 1121 3247 3117 3211 1041 2652 2486 1450 1157 4208 4300
897 2680 1475 194 719 3861 1714 4540 29 3430 3697 488 3939 918 945 3136 3710 3098 2902 1257
2173 4249 1340 2457 1343 1833 64 4815 1796 4754 2296 340 1294 1214 554 727 2479 728 98 791
2598 2692 1115 1128 3275 2584 726 4954 4719 2554 29 2795 883 289 1080 4595 3107 4416 2217 3305
1010 1112 3201 792 2806 488 102 1724 683 1442 2398 1438 703 3179 135 485 1454 854 4742 346
4268 2893 3645 4233 4119 4053 4176 1654 545 3596 2083 3451 1381 1211 2743 1726 1996 20 3578 2120
2335 3241 2872 876 2186 581 581 4379 406 2736 4600 745 4135 4300 1181 3877 328 4391 2050 3075
3595 534 1992 2566 2895 4169 851 4861 3157 1437 2903 2057 2429 3145 4800 3526 1285 255 1016 3763
2140 3262 4 3179 2981 4496 1596 852 1429 1980 3204 982 3992 261 2675 3878 4325 633 1550 2092
2595 3683 1943 4531 3489 1424 401 2800 4851 2848 3110 3896 332 489 2885 4385 4238 1027 3103 2087
2305 2930 2679 3297 4077 1379 774 1833 4889 2260 121 2092 534 2701 581 427 4992 1873 2993 698
3412 1982 4894 2832 24 2219 1101 1722 1355 2708 69 167 4816 2150 674 3075 3310 2167 3769 2062
756 3960 2056 231 2567 3179 751 4095 2418 208 564 1200 2554 729 4544 2222 1237 640 2638 2781
4533 2980 2914 2480 328 792 1842 2305 3790 4073 3404 2881 788 488 3728 2782 3241 4523 3038 1879
38 4800 2162 2526 583 2532 4990 4692 29 1802 4600 1606 3683 470 876 3981 922 3211 4889 3691
3102 2865 0 3446 1147 3939 947 2226 2676 4421 3685 2958 495 982 1200 2576 3078 2222 2450 2411
3939 841 385 2057 4454 2820 111 643 671 4658 581 2469 3710 1811 4359 2503 4328 139 2652 4464
3731 3384 37 2502 904 2013 2197 1161 1389 2853 1633 2310 2993 48 2883 2913 1176 2521 1185 716
2654 2865 1977 1731 3630 3177 4300 4169 3751 4723 3898 3091 4038 4397 759 446 3790 890 872 1827
2140 667 837 2492 405 4516 3475 4086 2697 4816 2186 3790 2411 4488 309 4794 3179 1535 1943 1231
4850 1863 3866 2177 3233 2222 2222 4691 1856 50 4169 1930 564 3987 3005 676 4107 840 783 2676
3091 2763 3790 3035 2344 1227 1779 4402 2831 581 1721 740 2112 1450 1326 1157 4657 1529 3826 3961
2085 724 3280 289 3597 2595 1633 4451 2997 2708 2950 295 2798 2325 1215 4104 3196 4750 205 1807
3275 581 1734 233 3204 4412 2945 3614 3747 633 4900 581 3234 263 1562 4278 2727 1614 503 2407
2801 1006 77 2768 4169 1339 488 4561 3339 2736 3916 209 264 4027 255 4723 2850 1249 859 4550
