3266 797 2171 4222 3261 1749 4141 4753 1269 1084 1953 581 3336 2521 4794 3992 4664 3027 1181 793
2629 3367 1909 2778 1475 213 3939 3703 1067 4310 1298 1770 4388 1043 3592 2902 2569 4749 2080 1632
4664 1721 1300 2576 2222 1200 2231 2820 985 3421 1927 4900 4531 2222 4137 4086 597 968 3459 394
2576 2222 397 4297 2770 4146 4179 291 3501 676 2739 1802 3563 2930 4882 2367 949 1423 143 1623
4445 4794 531 4867 2861 1633 745 3445 4414 468 858 1010 1953 2859 2902 2396 3390 161 2991 4086
4761 4131 2208 3203 3221 833 3211 4058 820 514 1862 3667 4919 1178 50 607 306 796 679 4794
662 4591 2146 132 2356 3095 4817 2596 1008 2643 4295 3306 4562 1930 3179 4158 729 2056 4274 2304
4794 1628 1848 3910 922 3751 4970 4794 3962 2477 2468 2736 1379 4343 597 1598 3328 4880 2726 581
2083 2933 4627 1342 3877 4533 3742 1592 1415 3370 2927 73 3793 3736 4067 4155 1203 3547 2278 1080
3856 4479 3699 2052 634 3551 234 25 2305 425 617 4327 352 2 4384 1016 4272 2039 897 261
3645 1671 4795 2122 651 3787 4011 1392 4581 4708 2289 3863 545 106 538 29 1218 1992 4086 1883
4260 1017 2475 2488 4814 4561 2 1128 2757 2526 3140 1083 3983 3747 984 1731 3306 2843 1937 2793
3102 664 3295 3939 390 1021 636 409 1218 1811 3032 4287 2559 1773 1765 2057 982 465 2308 773
2084 2361 3241 619 2676 2804 714 4013 1755 1521 878 2666 3404 3962 2131 2330 3241 142 3563 3823
4763 4099 3038 1339 2930 1883 497 982 4558 253 1440 1691 1998 4803 3658 3675 1598 1529 4500 3292
662 4591 3691 3898 3370 2200 2705 854 4058 1707 2726 1953 4600 4060 409 370 1006 1864 1095 2739
2472 812 769 729 427 2004 3689 321 852 3358 1371 3411 1116 3879 2566 2194 823 3856 64 3410
3204 3525 152 4708 662 4794 4479 1142 2838 2337 488 4212 4550 2713 551 2701 1770 4571 3241 2742
1236 4677 2549 2275 2820 3791 2461 3238 184 3932 2480 1814 2222 1578 4858 397 4489 3878 1056 2820
662 2497 2346 4532 2791 2411 2092 1862 1202 2120 4112 531 1323 4468 1161 1756 4570 2446 347 4713
619 966 3011 1407 2183 101 3737 1460 374 4086 3516 3011 2439 3962 482 4377 1054 3475 681 602
2739 2969 944 1906 1359 3336 1858 3275 2428 3396 4968 3234 3563 3563 3790 1100 3742 232 3031 716
2515 1636 2189 2567 1315 2577 1447 3179 3953 4306 2122 4794 1262 564 2652 3417 617 775 258 3614
2826 4982 564 968 1991 3305 2831 2856 2367 1231 1509 4858 2317 3187 2644 2532 4411 1371 3620 2749
4794 1913 2568 986 534 1896 3726 2084 2896 859 1382 1656 1252 940 1214 4026 4046 377 1041 4408
426 37 985 148 2914 1659 1525 3715 3241 886 59 3793 3424 4525 2154 3472 4167 1091 4676 3562
2189 4280 2027 3951 3370 2624 653 149 1742 3279 488 307 1749 4794 3396 3794 3493 3187 1325 1807
4164 564 725 4795 2891 2959 488 3728 2840 536 3348 203 2869 581 1814 290 1019 3726 1218 163
230 3737 3179 2390 1580 2518 4857 1992 2305 3106 3725 406 2958 1614 29 4159 2374 1450 3704 4960
1377 2435 1095 2880 2363 1321 2623 455 3558 4214 373 2712 1659 2670 3367 913 2842 872 1962 564
4670 2140 3179 4771 2644 2511 1019 2679 4749 4872 431 3204 866 494 833 3233 551 207 3117 4440
3939 3055 404 491 4528 291 4874 2149 3747 2585 2643 4514 4086 2311 4240 1447 2062 578 537 3832
2385 2337 3579 2393 3179 401 2718 2902 237 1001 4872 1978 3555 4510 1768 4189 823 2546 111 3956
1162 4320 3704 4904 174 3248 1305 3675 1038 3714 1371 1376 4281 3117 1158 1157 4815 93 3130 3531
4664 1915 740 1557 1793 4838 2865 1761 897 1578 3889 3832 4225 4754 3241 4795 3948 2122 2211 2033
4789 3775 1302 4401 4771 4815 730 406 1200 3608 770 4872 3217 1812 1168 77 1802 2896 2061 2097
3380 3568 1449 4889 4140 2477 4900 3241 3815 1520 3080 2087 166 793 2443 3179 2327 3295 1719 1028
2004 597 2895 2763 2472 2661 1551 2211 2849 1415 4428 3793 3809 2644 840 2998 1979 1628 2781 4113
1240 2576 29 3667 409 2305 3547 1302 4420 980 56 2911 425 3983 255 751 2065 4703 4097 2422
679 406 521 4440 859 1017 3664 1536 3067 3588 4197 993 2180 2089 1218 4801 4401 4655 3179 1979
3448 3939 3161 4500 3703 3791 2109 4086 3877 722 602 2554 1811 2772 1848 1300 4919 4288 728 4689
3856 878 751 3997 4024 1815 2140 2421 4765 3149 313 4983 1421 141 1272 4484 1679 3451 2861 4415
683 161 291 1347 182 4222 93 3537 2865 4595 4229 4886 3035 1815 2070 1175 4240 3546 4576 1930
3262 4607 1464 1776 3796 2435 4562 1089 1450 2742 3515 3531 985 3179 2390 788 1497 4591 1763 3939
3695 2186 2723 2332 3193 321 2013 3469 2626 1698 3778 3550 1767 1095 1659 1765 256 4119 3234 564
1446 609 757 3471 3234 4815 4794 3196 1267 4718 4511 3899 239 2250 2754 4557 1441 4556 4938 3939
3636 4163 2509 380 1251 4974 4080 1652 1421 2380 409 2288 2057 2331 1913 75 2542 3879 3819 4704
151 59 462 4755 4280 80 25 4262 2666 3704 581 581 1219 4239 4101 2085 4894 2232 3830 2222
4670 4521 2070 1339 3498 3418 3628 205 3988 3179 3615 3939 2536 1977 4316 4135 2764 564 1965 3168
462 4872 1321 2742 4622 969 4483 93 4900 4068 113 3221 2718 538 4316 3390 3856 1343 1487 1101
235 2789 3779 4800 3475 2771 4208 517 3044 1967 260 4431 3932 3497 740 859 1707 4601 3289 3044
662 2042 3525 1431 3608 713 2430 3939 653 1623 1749 1591 1350 375 2093 381 3306 949 1423 3147
826 3390 4410 2486 3291 401 3179 255 2805 2820 492 4361 3038 463 1077 1393 339 4518 980 2115
3081 3742 327 1116 4968 2902 267 3075 2599 1675 883 2994 1075 3731 4959 426 1653 4403 2140 159
890 1657 1481 4492 237 1572 4771 3646 536 2602 1091 0 406 3912 230 3685 193 3179 3747 425
1782 3113 385 1903 2911 2536 1305 2004 4156 2644 3729 895 193 2718 1331 744 1343 3939 2574 3828
2014 3703 1032 4541 413 3731 698 2774 783 859 7 3700 2377 3955 2133 3620 2438 3790 4800 376
4152 212 4872 3275 281 3235 1421 230 3214 2016 3686 3140 3531 1080 3179 2056 2865 3348 3760 2302
488 1986 394 3828 4826 2188 3193 3903 4676 2644 4900 2535 3179 3922 3287 3899 2046 983 3536 634
1339 1811 1367 488 93 572 894 1611 4280 3370 199 3710 867 2223 4568 2361 3464 929 3163 3177
290 1272 3327 58 1312 581 722 2308 493 3079 457 3530 1893 1181 2778 1091 2490 4133 4245 2033
3939 3793 630 4280 2042 1927 4627 3794 4895 3310 1726 526 2683 40 328 2271 1084 3510 4338 4816
2896 4321 2058 1210 4325 383 2601 3153 3658 1251 1083 4712 201 2337 3463 4909 4164 488 3703 199
2628 3568 3076 1038 3679 3179 4676 1135 4431 2538 2871 3495 1355 4842 2865 143 4710 2336 4948 3850
