4622 488 840 3696 3040 1305 3879 257 74 488 2416 479 2858 3102 719 3972 1084 1953 1996 721
4332 3419 2697 59 2882 3159 3675 581 4246 1965 581 564 2311 2567 918 4798 1548 1251 3488 4086
4822 29 4197 11 2049 3241 683 617 4026 3305 201 1157 1310 2106 3722 1371 2308 0 2410 1218
4256 1379 3703 3703 3683 406 636 3954 860 1548 3262 4433 3939 3861 4798 2831 4320 3875 2584 3515
574 985 2739 3887 2867 4833 4245 1841 1941 931 3241 3877 142 3796 4479 2644 1903 750 517 2653
3939 2222 2115 4303 1591 2122 844 1958 2820 812 1891 4680 2644 2708 2317 2638 2032 728 3037 3703
3489 3248 931 2856 4086 3296 397 2448 3228 59 505 1362 3884 3939 98 446 2255 3340 596 2211
1384 4208 2516 64 4288 889 4289 4938 2526 153 1439 94 2567 3121 4655 289 1272 4517 617 2651
1943 2835 3017 3295 968 4484 4557 4184 823 3199 1464 369 4280 2511 2701 4274 2271 4794 1075 3883
2726 3450 4242 3348 3328 3877 135 4283 3703 2991 1612 295 4858 1915 334 1923 4246 1091 4359 3683
4794 3069 3947 3098 4601 1006 168 4877 788 568 2798 1811 1992 3782 3310 715 2574 890 2347 216
2878 1447 106 3179 801 2374 741 644 1868 4815 261 4831 1943 982 3248 2532 1522 2679 4532 1017
4670 1991 922 3418 3948 564 564 2703 2374 664 4872 3241 1418 4631 3986 2766 3557 564 3521 2113
662 3298 28 917 2441 1603 4475 3102 838 1251 1927 3884 3821 3935 812 488 4669 767 4086 1323
1185 4350 4794 2444 912 2061 3747 1591 906 11 2969 751 2993 3916 940 2122 2981 4894 1218 3177
29 4795 3778 4676 679 3388 4386 1882 1127 869 4256 1250 3234 3306 2142 2399 4327 2217 410 740
1398 4775 3190 173 2596 3880 3729 1531 4245 2374 3972 3370 3747 4563 3939 345 255 2820 4288 77
969 2231 2222 1309 2367 406 1343 4691 1953 3790 4691 289 4653 4236 106 103 401 3238 2608 2503
4382 4398 3262 3988 1893 2223 432 2977 1688 531 2902 4618 3574 425 413 1181 4373 593 399 4757
2238 3179 2103 1588 2222 3607 564 1656 3525 4648 49 4067 3196 4086 406 305 2222 174 1460 1807
4979 2374 3645 1613 3106 3703 1345 2861 4421 3574 2567 2856 3075 260 4832 2644 2217 1275 4469 2656
3380 2311 2892 4264 20 2865 4264 3924 3526 3179 982 4691 1943 1415 4811 1354 1734 4525 251 704
3695 4351 2726 4316 2993 479 2498 1355 613 1262 2045 3523 2604 4734 3368 2057 2861 173 1867 2521
4423 4316 3179 1591 3105 1398 1742 5 1786 3012 581 401 3596 1365 4058 3478 1095 1326 2278 931
954 3535 3241 2736 3801 2198 3526 852 2222 2115 1659 3262 1735 3563 2073 1833 1117 949 3145 4872
2839 3696 2875 3090 1802 1537 2057 2146 4288 4174 4718 2736 3150 3644 3358 233 4461 1862 2766 1302
1768 2770 1398 4740 311 4486 0 1736 4794 530 1436 3963 3879 1785 253 2496 2222 4123 777 3591
3717 3714 2088 823 1672 3794 796 2957 2169 4560 28 1472 1218 163 4974 1352 3416 3311 3275 754
2598 3011 3675 4544 3257 2061 4086 3367 1113 4086 1080 4790 237 602 1667 769 1723 488 4245 1347
3887 4674 164 4448 1406 4245 3790 4405 982 3951 4112 4835 2981 2894 1841 3680 4227 4090 1218 1410
1564 1669 3883 1958 2694 3683 2150 427 1957 4758 1983 4317 1879 4483 3048 745 969 2820 3177 4748
1893 3348 2708 2308 2232 2993 755 4923 840 1811 4858 657 2463 3836 3695 2866 4302 801 3552 3689
3712 4768 3306 3595 258 770 3179 2830 2062 1625 2028 3179 962 4981 2848 4517 4126 3568 1329 1529
4350 2122 3964 2074 583 852 1155 812 1854 1355 3490 2554 268 3790 3121 2957 485 703 1998 358
2937 1339 2592 564 1157 1464 4155 3861 3311 3234 3790 313 212 4483 1535 1253 1763 4279 1473 3961
440 2310 2221 4989 529 3153 3939 1394 3248 1355 2727 398 3297 3916 2182 3179 2997 2567 3747 4377
3865 2115 3806 2861 4321 375 1718 2509 2041 2087 1902 2390 773 897 2440 3038 3681 4197 3074 58
4152 3270 2610 1375 1410 2516 1447 3038 2664 1940 525 1180 131 1395 3877 4550 833 4469 4691 3117
2977 3680 2444 3823 2150 457 529 4676 968 4006 2179 4278 1407 425 1942 4155 4493 2702 1858 4337
3505 3341 4795 1859 1830 3234 3563 3916 2865 3212 3939 1946 707 4001 1969 1029 3177 3685 2447 2865
3719 1253 4775 436 4942 808 3370 2554 977 1942 1076 3942 3026 3183 4493 142 3959 3832 2644 3760
4119 2608 3695 2270 2208 590 2227 2428 4832 844 1953 2894 4165 3790 555 2232 4339 3509 3043 2745
488 4247 500 385 537 1844 181 4889 844 3517 1010 3939 3939 4086 3140 1234 2580 1654 141 4380
4227 3681 4281 4124 1236 4316 1067 3179 859 869 2169 4739 3790 1126 2576 688 588 3136 3389 3745
2781 3147 2930 4522 2328 3358 1879 256 1355 2991 4245 2902 488 536 3218 3227 1814 757 753 2188
4842 2708 3551 3027 4169 3504 1664 4816 4131 3038 613 4280 2963 3691 4188 2592 2164 2580 2367 3424
3527 860 1302 467 4605 1716 3750 1940 4989 4557 4960 1995 4333 3916 2060 3962 4632 4284 1272 4311
2896 1977 844 2466 1436 488 3790 4599 3538 4919 2305 0 2122 126 2497 1157 2652 4297 2526 740
2063 3832 3035 3106 1178 483 2652 73 3348 2680 895 1623 371 607 251 3471 3517 2630 847 2222
423 3563 3747 1724 3540 3803 3499 2480 4855 1658 3884 1904 4351 1886 2790 64 425 2488 4850 1679
4794 512 2946 1088 3059 123 4942 3179 859 968 3401 4771 3221 3524 534 1671 19 506 4827 2825
4794 4743 343 4049 1516 289 756 428 890 3524 2718 770 328 2927 4433 3726 2005 4207 4225 1095
1774 2831 3145 2306 1393 3922 3262 3663 1614 2056 3683 617 4254 3418 2306 4691 376 4521 4086 4089
4490 3563 2193 1457 2576 2198 4815 1732 2068 4425 331 3976 712 3939 2187 2306 3680 3099 1737 1521
2772 498 29 812 613 972 3502 2675 2272 4800 409 1302 289 3015 776 3145 4455 2110 3796 245
1421 4120 4086 1953 544 2244 3907 2934 1804 4026 726 1580 488 3793 3895 1940 815 976 3241 3515
687 4745 4538 3731 1131 602 3196 174 1325 698 4038 3038 3038 1261 1579 969 401 331 261 4775
1185 4898 1979 3382 3517 1218 1339 4819 3935 5 401 3697 1188 719 812 488 1801 61 3001 3241
77 1992 791 846 245 2290 4280 3728 3401 982 2052 2346 3696 1421 493 1232 1862 3954 1598 1835
2425 4086 1780 1953 488 1844 3148 4850 3032 397 838 4815 4815 4483 1105 3912 3076 308 2085 151
3981 3703 3066 50 1520 3548 1423 2679 4527 2449 3352 3319 406 2413 208 4086 1228 1202 4342 2460
3939 2023 194 2057 977 4798 1909 4046 4631 113 3179 4600 260 1100 2735 1785 3177 261 1487 1176
619 406 4957 2566 1718 488 463 3163 3177 564 2831 2934 77 3204 2267 2278 4794 1953 3478 2088
3939 3241 2996 4408 431 2676 871 4440 2056 2434 2656 545 4006 310 3661 2798 859 783 889 4557
