1185 3031 4119 2306 2232 3525 3060 2317 2974 2516 4533 968 2780 113 2572 2367 223 455 4743 4938
3765 3011 1188 1889 2692 1883 3451 3319 1582 429 3778 833 1562 2853 4927 4483 4562 3939 846 501
406 2222 4595 1157 2446 703 260 462 555 2334 1752 949 2734 2616 3479 4320 4772 1183 1721 969
150 1586 836 4107 594 4562 1088 3686 2307 25 2388 198 390 1522 288 3736 3703 749 581 261
4794 514 161 290 3364 4327 841 207 1677 4179 1778 3555 1768 3773 2791 1523 895 3215 4510 962
1010 2727 2865 2895 2668 3154 2736 4691 1479 2200 2939 1621 2329 4374 3569 958 394 2816 822 4670
2023 3219 3703 3010 3670 1240 617 1396 698 2042 2509 54 922 3551 624 1811 425 3939 59 4420
2085 833 1439 564 3304 2009 1050 581 1087 1570 3978 67 3638 3102 4396 3790 1823 740 2757 3515
2287 81 3079 676 3680 3987 1253 106 1102 1859 4783 1996 1656 1891 73 4794 4794 24 2317 4431
2125 2048 2585 1991 2102 425 2186 3791 3732 1671 3674 2835 3550 537 334 1253 878 3641 1721 2863
4119 142 4900 581 4677 3935 2388 4669 1321 1117 3595 4021 4771 4919 77 1112 4525 1953 2708 3685
1399 64 1447 1075 2068 3796 2355 922 1234 724 380 647 2486 294 3248 3801 143 2567 3939 2576
2190 73 1385 728 3986 3689 3241 1236 2708 3683 3489 2842 3356 397 3221 4872 289 3551 581 564
2543 4443 3695 1234 3283 3602 406 3179 756 3017 4325 3358 2063 2339 3352 3526 1262 3685 4088 358
3681 4800 2930 3241 1690 581 3794 2439 289 3551 2602 2222 4341 2404 137 290 409 1218 1294 1275
3729 2038 3179 2120 676 977 1575 2217 2843 3178 261 985 3925 3685 636 4240 4370 187 4676 3618
205 4662 4756 3241 1112 4936 2902 1709 605 3066 3000 3265 917 1357 681 3515 3179 2122 1014 1529
3765 2316 1708 511 961 4704 339 1111 1794 3267 2297 2989 208 1450 4374 1633 1218 726 3896 2899
3262 1473 455 4798 567 4163 2220 798 1445 2432 1218 4562 3939 3980 1056 4795 3179 301 2048 4994
2944 3954 3747 4047 980 4541 1578 2085 2294 488 977 2871 2231 2179 4832 3241 3696 2566 161 4833
2926 683 2344 4993 3563 2361 4405 2074 2005 860 556 3001 1366 4180 4331 3873 2486 4086 3799 1650
769 4562 199 1953 3939 209 2692 4152 687 2038 143 4584 4789 3548 4660 2800 1167 1231 3179 166
1089 4731 4897 399 3608 529 953 1551 3390 3985 73 119 406 1371 3026 2725 1548 1073 4086 1371
1991 2993 4900 3241 922 61 3179 2831 3179 4800 3179 19 2193 4205 4103 2278 2542 4809 1297 2487
2014 917 3444 840 564 3501 2526 2676 2160 4649 2843 4450 3271 1282 4169 425 4245 2985 1387 3241
3939 1233 4795 1548 1646 305 2299 4874 1529 142 2885 1953 833 4897 3098 1614 4353 174 1551 2217
4794 1483 2770 4584 3530 991 3664 3445 985 2532 163 3877 1811 2519 683 3518 497 3517 2449 4316
4000 398 4760 3370 4816 4325 496 161 3067 1691 2628 3121 3075 3408 4119 113 199 2770 4169 1142
4223 1051 383 4169 2936 453 3241 4794 488 1666 4946 3703 2728 4872 2187 812 3358 2476 3585 401
1240 2222 571 4339 4604 3110 800 1614 3922 488 1056 653 2016 360 4231 455 2146 4304 2692 455
2115 4794 4794 3414 3107 3110 161 1321 744 2670 4448 438 2308 161 3157 2985 2324 4169 0 2930
1375 2669 3328 1376 4183 4516 1460 4800 1112 3405 1858 581 3787 180 4979 143 3939 194 3241 2232
3939 3329 2085 1253 4246 1024 3072 2231 851 3885 2231 314 889 4946 3647 3821 111 686 980 3563
821 4782 1989 854 840 3422 4472 1765 3275 3298 1913 2828 1833 332 4775 4067 719 245 3877 4302
1236 2486 3621 3526 3179 2026 4544 3942 2040 1329 3179 1008 3603 2221 3667 545 2009 3179 3747 1137
715 1095 3280 2116 1805 667 1293 38 895 3320 2232 4158 1450 2679 3939 2975 662 1934 2820 3489
980 2497 1129 2461 3606 69 2087 1571 2031 545 401 235 2389 1094 146 4815 2679 135 1056 493
774 1719 2048 4054 3551 2470 2280 3489 1749 406 4600 2476 2237 3320 3267 1296 623 1421 3769 617
2140 4691 654 3447 2805 968 2074 3091 2627 2393 409 917 878 4591 1504 3241 2736 256 2486 2259
4985 4550 581 3953 3493 4776 4516 401 982 1305 3568 3306 4768 406 949 2232 3836 2943 698 3112
679 1612 3241 3167 498 2726 4771 4586 123 2193 2521 4469 1953 3414 2222 3066 4479 2897 3352 387
3760 3179 457 2516 3747 397 2850 4815 4405 3455 2250 3141 1813 1913 3154 4833 2057 3608 1802 4390
4794 3937 3287 2932 1334 2981 3480 667 4500 3983 385 530 389 203 2057 406 3675 3547 4391 60
2567 2913 3110 3869 2912 581 3899 2850 1800 4794 3520 3210 1612 949 1726 3114 4691 1137 3961 186
1722 161 2109 754 1445 2065 2737 37 3790 3149 3697 2753 3791 3204 769 3090 3932 3793 1430 2624
3148 2342 4484 1856 786 2188 913 289 511 3153 2576 865 2186 3298 1992 4900 77 1953 581 3389
4026 139 1272 3560 1879 3729 731 1598 4007 4125 4327 3308 3605 2804 0 2708 2093 985 1447 1347
2565 2770 683 2981 2217 4402 783 1953 844 1280 3374 3680 1909 4431 2342 747 305 3375 1496 201
151 756 4141 2444 704 613 419 4158 2231 2820 2880 1666 4691 294 1440 3179 2390 3107 2576 4523
1946 4357 698 654 1512 1305 3582 3939 3703 2865 3147 1236 2566 281 2902 4119 0 1833 1979 3642
3440 3035 3624 2993 966 788 1428 3888 425 1729 2093 2057 3877 740 544 3179 581 2504 844 1953
4718 2437 1950 161 1802 2066 4937 2520 2208 1828 1651 3651 4985 4938 1307 74 1436 1838 1107 335
1157 1986 713 1533 3444 564 581 2135 3287 4348 4858 2532 4133 4366 3202 2060 4627 1035 11 1393
662 4919 719 4657 2026 581 1614 3683 3667 1365 4663 1285 1413 4591 2457 1888 1777 2708 3683 1216
85 73 966 2757 1062 3809 672 754 1598 1997 2379 488 1848 1410 4893 1953 3685 3121 2778 1464
3498 2632 3680 2222 3924 4900 1218 3877 740 2486 2222 1803 1727 2742 3241 3041 4169 2307 564 3903
409 138 397 3179 3241 564 1598 2057 4417 3095 812 142 3325 2644 1475 2278 3992 667 4086 1802
897 3804 1721 3962 3537 2854 3922 161 4469 1371 4590 146 1930 4817 4489 72 3179 633 3703 3953
4119 3262 2222 1144 4794 1628 2832 2238 438 3358 4290 1379 2109 1174 2750 3558 280 398 3271 1894
673 3149 1639 2151 2057 2654 3074 4541 2032 4663 3292 3450 3241 2680 3922 795 425 3179 1737 3582
3803 1142 1920 1856 4967 406 339 2894 3895 1200 3204 2820 3038 4562 1862 455 2719 1294 3031 0
3361 3008 4743 4872 4385 783 3108 1913 4220 2656 922 375 1887 126 2676 1001 812 2545 2008 4528
4443 2222 4655 406 722 2056 3241 758 3675 3179 1173 2934 2396 3802 1726 653 4591 230 4691 2374
488 4327 4032 1713 2908 1091 1410 3747 2999 581 4012 1496 985 4865 1 2755 4773 4652 4917 3275
