3742 812 2280 1525 1967 3149 3588 3695 3551 922 1329 1802 4046 2111 4733 1462 3231 0 3368 493
3939 3954 1884 883 961 3531 2993 653 425 1030 3227 161 382 409 1656 3709 836 3832 2809 4794
662 1464 3414 3620 808 2390 915 493 3550 1171 3530 2970 840 4178 4748 3352 3393 2016 3666 1532
1240 1170 235 2986 2977 1930 1305 2511 717 309 3528 2842 2057 289 684 727 1492 3478 4771 3985
4664 1447 1185 3343 1603 142 3796 3270 2580 3405 3241 2306 260 3736 4106 1343 3681 3695 2017 4493
3074 3179 261 4440 4597 1367 2996 2256 1038 3370 3416 4158 3585 1492 2066 2308 347 4812 823 2490
3358 161 2597 2170 1235 4968 2056 1913 2492 2779 3042 4094 3311 812 3939 4431 2106 991 2516 2428
3939 3515 4195 3234 2542 581 2865 617 1937 890 255 3995 1464 4208 3887 4676 584 187 253 98
3380 229 3553 863 812 686 80 3924 793 1841 143 3939 2736 2734 3075 4112 234 3241 4677 3292
1185 4270 4214 564 2580 3851 4633 3740 1434 4518 2436 792 2698 952 3149 2736 4266 3343 2443 406
3380 1992 3145 3179 3241 3165 1218 1570 2776 2623 4325 1724 3439 1953 890 4313 2302 564 564 1067
1718 3764 4112 4021 3236 330 1310 1930 4583 1232 3204 2902 4116 3032 2200 581 2142 1636 754 653
462 534 3471 4398 2721 4361 3792 4763 801 982 3305 205 3608 1381 937 1240 257 2708 2790 3560
3645 161 796 1896 1978 1915 962 289 4969 4570 3161 230 617 2042 2997 4904 2885 4761 1690 3040
3141 3524 4691 1982 2754 4541 4431 428 3939 757 3245 1628 3180 2438 210 527 4004 4214 2302 4022
3038 465 1168 796 1841 1103 321 2718 3315 796 3219 4627 1529 3307 4660 4618 4058 3147 111 1204
1612 3889 1943 3519 401 166 457 2982 2824 4832 2057 633 3139 3367 1334 4316 2065 2209 4804 929
85 4906 581 667 1992 4060 290 143 1218 3649 2057 3939 732 24 401 1202 2521 3234 3128 3358
3118 2449 1302 2451 27 3791 2486 4721 1533 1811 1475 3560 25 4163 4209 4211 4486 3551 3029 3262
1642 4734 1364 1450 1089 1644 377 4043 4771 2865 1731 3437 4533 4912 4137 77 3916 1450 3310 2446
3939 3358 3665 2560 913 2741 4600 2193 2486 4513 2614 2374 2160 4280 2198 3978 4472 2542 564 3395
957 667 4681 29 2567 2122 161 858 4192 2780 1067 2757 3790 2584 3939 37 3939 793 2093 4744
4457 688 581 3148 1927 4475 2567 4761 3405 3572 488 140 840 4794 2554 1628 1603 2953 4003 1598
3658 4992 1657 2278 859 4991 4794 2628 4845 3508 261 1164 488 4325 2304 678 796 4500 2849 3390
4011 837 4804 1833 3563 2877 4914 3668 3110 3725 4604 2324 4195 2598 3962 1950 1687 2696 4496 1940
4078 260 854 2305 3190 2073 1811 922 1915 1302 1375 1396 823 990 1450 4169 4354 1937 3011 3179
1564 1731 3804 3916 808 4837 8 4815 3035 305 1229 4952 3319 3079 2865 958 1464 4718 3042 222
1298 1013 2175 4316 27 3179 3350 3298 1050 4017 581 2120 1128 2808 2497 1251 2946 3179 3154 1091
4373 2232 68 376 4802 4662 1305 2232 2595 2327 2057 4794 2666 4313 401 4520 3422 4263 1091 29
3112 3517 3649 3661 4223 4549 1614 2278 3079 1744 2902 1143 235 4475 1315 290 2665 4107 3725 920
1405 4952 1533 4502 4073 2170 1067 3306 1376 3696 3942 1970 92 3277 1359 131 1231 3610 3725 2770
3146 4576 4129 3263 4135 2521 1881 2803 2114 1785 3790 1616 581 564 564 1991 2346 123 1537 1625
4373 2193 4869 3450 2120 2933 1302 4401 398 867 2680 1423 378 3939 3558 4676 2885 3370 4783 488
1880 484 3832 3515 37 3017 3177 2831 1111 3275 2902 932 2727 3904 4350 4889 2083 672 428 922
3750 4872 4562 452 2567 882 2821 796 1513 4794 1628 2461 1774 2644 1375 3873 3932 1367 2287 793
683 3421 2068 4026 3248 3374 4119 715 1434 235 4316 2237 1737 2725 1162 1112 3649 1940 4718 2169
3703 1915 3791 4205 4757 2152 1091 1639 1749 4749 135 1298 4479 4163 2911 1355 3953 4366 2865 1722
488 4487 1240 51 2231 3222 968 4097 2930 488 1029 1440 2842 3357 3877 3196 4672 2324 2035 1726
3488 3695 4872 3370 3303 1349 3823 1533 683 3704 3948 1992 1758 4037 3068 3583 3610 564 60 425
3555 3090 3389 2056 332 653 2896 28 729 2725 401 2387 756 3904 581 175 2526 803 4814 1450
2576 3436 1262 1100 858 560 3629 3363 617 2399 257 3922 1804 2154 4810 3456 1824 3625 4811 4133
438 2836 2592 4845 3430 3563 3690 2163 1325 1853 775 4094 2083 4497 2828 4245 3177 29 581 1128
4528 759 1315 985 3179 4743 1305 3325 3016 3535 60 581 1424 3760 852 2489 1128 1178 564 3241
890 2708 3510 581 4919 4217 602 2186 305 665 738 805 3610 581 564 1157 1749 1384 1267 11
593 3871 859 2412 4328 1987 3447 1811 1992 4240 2305 726 2854 3032 3667 4135 1690 929 161 2222
3325 4979 4949 488 939 3367 4768 310 3715 1306 305 3667 545 1885 3582 3358 1450 37 2733 1321
1945 4822 2749 4651 2374 2390 358 56 2367 1272 3939 3367 3286 602 2865 3885 3517 1294 2115 4591
2027 4227 2740 3382 7 862 2623 4320 4361 698 3737 917 4968 4498 2023 2676 1189 581 581 1692
468 859 2728 161 687 2162 3871 64 4987 4872 2842 404 2805 3551 2304 199 77 1563 31 2169
3645 2463 3241 2033 2691 4638 2393 3491 3793 1496 4489 2702 1651 2287 161 1913 3139 378 291 2346
2287 834 81 2670 937 1625 2602 1354 4431 2725 1396 138 4620 3024 3298 488 3821 3234 2523 1218
4153 3193 3663 986 4576 3079 2480 3683 4420 1856 2721 3107 3596 3179 3241 1192 1525 2568 172 2750
618 1450 846 3209 564 2798 3179 738 545 1656 1613 1096 4794 3044 1010 4688 3877 4794 3307 2974
1101 4456 1343 4900 850 409 305 3978 4533 164 4086 3922 2058 2628 4915 387 4500 2549 3102 2885
1250 2955 3750 1080 1262 3241 360 1887 3885 1653 1258 3510 765 3686 1943 1291 1701 2835 982 4815
2027 1422 4067 843 3204 347 1366 1232 3628 401 3697 3793 3546 4758 1649 4145 1888 2454 425 2466
1623 3199 2057 997 1992 4259 3306 3075 4842 1297 771 1582 3831 633 1147 525 840 2576 4227 144
1724 198 3804 2242 3591 4970 874 4858 968 194 2969 4600 4167 2305 3264 1576 4117 3679 4027 1361
2140 4373 703 4266 1454 2532 4842 3350 698 3139 2742 602 255 4794 1724 2044 2697 2174 2087 1944
784 4184 137 4691 3245 4511 4874 384 151 406 3675 4333 2156 1660 387 3179 2056 3531 1203 2832
1411 636 3939 3531 316 2057 2308 1359 3270 71 3593 3044 3885 2030 25 499 1676 2799 4539 1415
1479 3275 1731 4919 2410 574 18 918 552 3102 751 3138 980 3270 4771 2223 3679 1885 858 2329
3237 4795 968 4264 3935 1345 556 4645 4832 3241 1555 4208 3675 3726 4021 2580 4371 3524 3153 2725
963 1321 3535 425 392 1625 869 4652 143 3939 4243 4528 321 4333 1219 613 4850 1135 207 3517
