1221 2289 2567 3563 3517 3939 253 3790 2718 1523 3922 1343 3546 3703 247 1533 3248 375 1157 4858
1915 2755 581 310 3566 2066 3193 2521 1408 886 3675 1305 3246 307 4278 3241 2793 1869 497 918
143 4570 2832 4053 0 4974 1200 1830 2057 3013 4333 726 1915 687 4827 3568 1947 1389 4533 1167
1051 4086 3922 2093 3214 4730 4647 4169 4738 3643 4038 2937 4669 3416 2411 636 858 2561 487 2542
1185 3969 3275 4503 607 4368 2865 2882 1953 4820 1811 3667 4086 4076 3665 859 1139 2202 2885 4846
3622 3179 1989 2439 2879 3407 3511 636 4112 4817 564 3241 3075 2140 3695 93 4212 2191 1529 64
3695 1330 3038 3569 3042 2278 727 123 1496 3102 2405 4054 3070 3939 3369 3017 3962 1865 2327 4777
276 2742 580 2205 581 4049 4388 2619 4434 3153 2750 138 2304 2057 4651 3179 1707 3746 980 4561
4916 4263 1318 1559 953 1770 3403 1266 2652 953 3179 2267 4800 89 4768 3187 4531 4828 4816 2759
3463 3703 4735 820 1131 632 3810 624 3939 847 4834 3179 3384 1080 796 4640 617 1896 3899 3935
4304 4278 3644 2346 3179 485 1458 80 653 2652 2440 2363 2175 4736 488 2867 2803 2297 4764 3731
2287 3436 2223 2718 2816 782 3370 28 3765 820 1856 488 354 2057 864 3729 892 3787 2306 2719
3939 4366 3250 1003 146 867 1112 2778 3648 4900 3962 1776 1816 1552 4795 1537 1423 3563 4838 3248
653 1833 335 2644 3899 1690 3248 1305 4936 2511 41 2057 1953 442 2232 3150 4872 3793 1355 2334
4815 2284 3489 4815 2567 3703 602 1084 1953 379 4044 713 2815 208 1082 693 728 777 3075 77
1562 4888 3067 4049 2576 4302 236 77 3843 1848 3675 253 4711 1913 2382 3248 4858 4862 1249 4280
2934 1073 2306 3038 4288 969 3601 2100 3060 2486 1812 4227 1625 4705 4872 431 4088 3008 3736 143
3951 161 93 1113 812 846 3422 985 3675 4265 4517 4691 4022 4288 4772 3034 1599 2645 2030 2718
4609 796 4188 493 1625 4483 3179 602 3480 623 3697 4562 4794 1628 123 3165 1 1080 4759 4315
2374 3292 1977 3535 3241 3916 3275 795 4599 4768 3370 4600 1347 106 3179 1447 1978 980 788 2811
488 1280 2222 3923 3367 2115 2628 4238 2850 183 3939 1101 2498 1117 2626 1344 2473 261 698 440
4749 521 1450 3939 324 4887 3060 3530 4373 1447 30 161 2486 3035 1001 1091 3060 997 1307 3997
3841 4627 2679 3046 278 3436 4354 3563 3307 520 3898 4316 4483 3645 1139 4557 50 667 1424 1389
3489 3877 2528 4679 2 11 4086 2780 3939 3939 567 3686 297 3001 1442 4021 57 2579 1283 919
151 74 3524 847 4164 3877 2074 3400 413 1811 447 3355 2305 3733 3238 3683 3999 1506 4487 3704
2411 2164 1376 1646 813 1492 3196 1094 341 4137 4483 1200 4608 1625 4707 2785 3712 1849 3705 1450
2744 4520 2248 991 2458 3639 4024 4900 3450 2265 3387 4191 3179 1157 1215 3367 1216 3603 1573 2393
500 556 4029 2325 3791 4250 2291 828 137 4518 3060 2536 2651 460 1443 3737 723 3208 2726 2150
2459 2411 2879 1403 3241 836 1623 123 1840 3500 3831 1540 862 1802 2628 2713 4334 2217 3694 1249
911 4531 3897 2867 683 844 1807 796 2330 1062 4068 717 535 3571 2736 1700 1272 259 3159 1473
4142 1417 1614 2708 204 2820 649 328 968 602 3659 3241 3795 4815 4894 3190 3978 3076 3463 3044
4815 1101 798 4900 1525 3987 3828 2087 2254 4280 2567 3781 4245 3241 3390 1379 4360 1810 223 4800
3523 4133 2944 769 3831 1598 1721 1339 440 2567 3569 3502 3781 3683 4262 1830 2332 1811 4794 1245
619 1677 968 2921 2237 425 878 52 4550 4279 174 3396 1525 2353 972 3889 735 2670 3956 3675
3307 1506 4992 2697 2428 1646 2244 2022 4036 2189 4400 333 719 3358 1181 2271 3281 3600 438 4169
4936 4068 4483 4350 2219 1529 1946 2734 4237 1204 1765 2740 3815 2812 3526 975 2402 1810 4245 3241
1323 1647 545 3709 3179 2538 3095 1067 854 840 4989 4410 564 3877 1119 3348 255 554 3456 2516
4850 1960 1533 2849 1476 4735 3292 1471 2699 2873 4900 3675 4845 4932 4032 4119 4227 2170 1833 4763
4383 1220 4872 2140 3675 180 2295 4691 1218 323 4214 3179 2311 1253 3179 4777 2308 2496 488 3939
4214 3179 273 123 1113 406 2310 3017 3367 132 4688 406 256 1533 4208 1442 890 1371 1244 38
1990 488 3469 4773 922 2734 2486 4863 2269 4178 239 3416 3785 4169 1897 1330 488 3703 4283 2922
3724 2985 3896 3751 588 4354 1354 624 840 1464 1887 1355 4127 2955 564 2438 2057 2126 3747 4266
991 3073 4533 1811 361 3680 1863 2856 2232 1788 1262 1614 1081 3241 4795 4280 1112 2490 4399 1306
662 4350 604 2393 1795 1300 3850 3856 4086 3929 37 8 1447 455 4367 235 2492 350 4351 455
375 2140 3179 3079 1614 3819 1445 3108 1533 3119 2582 2076 4663 3536 4576 2734 4385 4050 2790 3531
3824 4550 1776 4811 2872 2831 4450 2567 2178 29 1707 4047 382 1218 2393 85 1656 2670 3179 3179
2954 982 4633 2513 980 4768 4676 2536 1325 3611 1586 4968 537 4528 1349 181 2532 3628 1345 4246
4706 33 4703 913 3179 4138 1581 1893 4763 469 1672 1952 1083 4691 4631 1114 3281 1442 3675 1305
3645 3306 1112 143 3885 2026 581 3492 3592 4063 3618 4794 895 161 4794 812 4744 3703 27 754
151 580 1242 2670 3253 4119 2005 3492 1200 929 740 473 634 1112 2934 2164 4026 739 3329 2443
2238 3547 1707 2707 4837 405 740 339 3196 4366 3244 2164 263 3934 2718 223 3027 1801 3427 0
4313 636 3747 1758 2638 2778 4636 4359 3391 4113 3695 3510 2913 687 4815 4112 2790 3748 2832 1869
3498 219 310 3517 1328 3374 2162 77 2912 676 4801 4000 3516 1496 1217 4514 1519 2146 360 4223
2778 2930 2021 105 3923 956 1482 3675 2182 2861 3932 4310 3152 2330 1557 4461 1168 3204 331 3550
2348 2546 1628 1267 3922 4467 2651 230 1830 3790 4227 2106 2722 1369 581 2895 1256 4601 1334 2117
872 3681 3009 2722 3736 836 3113 3525 2336 4725 2576 1625 2567 1084 2182 3545 982 3395 899 2601
2676 3282 4533 4591 664 883 3939 2222 3877 3581 4245 3323 2306 890 1614 3322 4782 1409 2062 4827
597 653 167 917 2652 2723 2045 4301 28 1529 4617 360 4692 2517 4650 828 3241 2325 2520 93
2798 2718 2725 177 2542 2736 763 3667 93 4537 2899 3199 564 2033 2310 4086 3737 3472 1609 230
488 4781 56 518 3370 406 3489 1840 4987 1827 649 3370 3075 3689 4921 679 3038 1379 4321 2934
564 1373 1719 1449 3790 662 1302 566 3147 1976 2612 2858 438 2303 3252 1832 1009 1317 3346 4151
3489 1305 4316 257 2906 3179 3241 2296 3241 2550 4514 581 581 2526 474 401 2934 1441 3209 2346
1236 1776 885 3547 4815 4938 3017 11 3079 968 115 2551 3305 1804 406 4815 3015 2198 1937 1663
3712 1174 2150 3729 1533 828 3877 1441 2398 424 3292 683 723 3390 4086 1454 730 3199 602 1234
