2425 2200 1112 2902 4581 1634 260 4469 2526 945 3112 1765 1943 3055 2562 1421 1379 3588 298 2516
2187 4550 1376 1765 409 1198 3306 4795 37 4038 3350 2719 812 1922 4476 2779 4800 2996 2644 3875
488 3311 2222 3244 968 917 3900 2697 4366 4997 600 1268 1305 3898 3779 2187 2553 1636 1439 2676
1240 77 4088 3038 4514 1812 1328 2502 2567 1990 269 56 1247 581 1579 883 2664 581 4416 4533
4609 3568 2908 313 2725 1393 1856 2567 2503 676 3396 617 161 3367 912 437 3751 203 3587 4254
564 2486 1339 3522 741 4558 3520 2403 179 3994 797 1584 1579 3898 2778 968 2186 4094 1645 1378
2793 741 4749 2558 3983 2073 3885 2444 1257 415 1953 1392 828 2488 2865 2671 3675 4815 1281 397
2287 3607 1754 796 968 1252 3234 756 3241 3521 2649 3563 645 878 2560 2220 3282 1436 4794 14
3305 954 613 256 4514 2306 4280 4863 1013 372 4283 4518 4539 1421 1296 3380 3209 2567 719 199
4368 808 3798 3517 1990 1579 4557 3747 2135 1085 3833 3305 4366 1549 3901 1218 3995 2305 590 1633
765 4735 2728 3932 4818 3196 3716 581 2308 3932 752 4058 4957 310 2757 3452 1898 1449 2120 4112
503 4333 1520 2584 3563 564 2181 4763 1983 844 2542 3241 1124 409 1112 2774 1529 735 4761 375
683 4445 4327 1267 3164 1229 4920 3370 4578 2553 4691 722 4858 3238 2711 397 3591 3747 993 3489
3939 2770 3414 1536 4900 3162 2222 2826 291 2891 3768 4183 1676 4022 4910 3375 380 873 255 1602
4609 683 796 3139 4174 4794 598 1381 844 4743 1483 653 4861 4722 4771 1841 653 50 54 3306
4701 3926 3705 3736 3714 2403 1240 74 4942 4325 3569 3582 2865 3067 4633 3689 4050 3320 3703 3489
375 397 3179 962 3422 2308 3264 931 3700 4749 1373 2332 3248 3727 230 1903 2934 2718 1590 1191
1175 69 1707 4714 4578 2193 2488 4514 3939 3683 2692 2317 147 961 3241 3628 946 1081 1992 605
4173 4562 2206 4854 3675 2575 3685 29 4086 858 3794 2815 698 238 2562 261 3597 2701 406 3179
291 2963 291 1881 1490 2115 4842 4208 2733 4307 3075 3649 1914 2993 1603 313 537 2486 3760 3608
1240 1393 4038 1184 1731 823 3608 3710 1253 4990 1324 1345 3563 200 1758 1307 1915 906 3358 1096
2800 3791 4842 3686 4815 4350 1974 2674 2482 545 3744 833 2975 1649 581 2093 2656 1556 4469 68
2085 1821 1763 1236 1056 3531 3919 4715 2278 1091 1749 1684 255 2820 2232 961 1807 2413 602 477
291 192 2726 1126 406 4316 1749 2718 29 3740 1211 1866 4238 4636 4169 782 3683 3145 1088 239
2066 2683 1783 4952 3683 4327 671 4017 1412 3199 2057 770 2948 18 1472 935 1833 653 488 2812
2783 2357 3515 4568 2566 3862 512 1112 985 3603 2222 4831 4119 174 1116 3831 1644 2463 3827 3884
1564 1461 3102 4818 4258 3187 3239 4201 3939 2891 3528 2676 3885 840 2186 1856 4815 4021 4771 2280
3567 4871 2024 4969 1903 2064 3179 3912 2074 153 820 3883 2856 1992 4980 4563 1365 148 3205 206
3871 2135 3836 2411 4303 3147 1105 181 2997 4164 2666 4754 2644 1445 4163 3035 1666 922 56 3831
4446 4665 773 2894 3370 736 3179 863 1857 4280 1083 3456 71 4433 1376 4841 3727 131 553 2475
2827 3563 1499 1879 2567 2757 488 4214 3311 4900 1707 738 4208 2620 4086 1016 3727 544 3100 4775
2305 2510 3773 1262 3736 773 4374 2812 1441 3305 2326 261 1203 2726 4691 2033 4472 4861 4945 1157
3775 3566 679 506 321 4858 3596 3190 146 1533 2982 4565 769 1443 4382 2521 399 4084 1953 3939
3547 4374 1713 2796 119 406 2778 4316 445 1862 3596 425 2346 3877 4521 2211 410 3179 3401 397
3035 223 4158 4026 922 2872 943 4513 2009 3791 868 2536 3524 3157 3344 1530 1969 4677 3742 629
1010 4794 2057 1139 4983 2968 4167 3153 721 4019 29 4531 488 4287 199 4825 2187 4993 385 2117
2934 1602 2458 3082 2140 1885 2222 401 2692 123 2734 581 1862 983 4376 1612 1915 1387 3885 3924
107 0 2968 3680 307 1161 4058 3587 496 310 2304 581 138 1529 2824 4800 754 2033 204 985
2308 427 4316 144 788 2848 662 3017 4183 1516 3961 2263 2985 4094 4500 2669 3179 4385 2610 3463
2790 921 3925 1124 4533 2442 1095 3747 1827 1252 4601 1825 2792 2708 833 3179 3747 1804 2801 3925
1162 3241 1772 4781 2167 628 131 4373 2770 538 1809 3276 4163 4510 812 2866 2801 1998 3737 2934
1502 3604 3007 2231 985 4416 2734 4710 2088 492 2470 4795 2911 2220 1085 3241 1623 3495 4245 2821
2222 4657 3241 3877 3034 3703 3489 2792 681 4872 4635 2299 1508 4158 895 924 2820 2807 1326 3569
4858 2488 4872 2250 4253 4419 4411 1112 0 4562 4375 4288 256 4595 1157 1966 4900 2056 3241 3788
1343 740 2744 2461 1623 2883 3792 1442 581 4561 581 1067 2670 1625 844 1871 161 1713 4801 4302
4519 4278 401 109 4794 969 3744 3922 294 1410 4195 2670 1998 2305 3916 3689 2554 1725 2338 4401
4261 1158 4666 2239 3772 3724 3177 1342 3241 107 111 497 4604 3551 3241 859 4517 1570 1942 3027
291 3809 2718 4794 2943 3733 518 705 3804 4509 2727 1168 3129 3578 545 1302 1633 4941 747 4253
2452 1992 1216 4302 73 3390 3736 4237 3551 1603 3306 564 4541 1953 859 3680 113 4600 132 2397
3801 73 1249 512 581 2865 409 922 580 1754 4571 4691 1741 3794 2038 401 3965 2805 4163 534
447 4119 2039 4528 1173 4853 2612 3648 581 377 3871 3924 3297 2231 4567 2367 1592 2933 2516 2685
2956 2644 717 635 444 2726 564 4315 2584 4815 4815 1117 4898 4772 4621 1307 322 3736 1768 4749
580 2115 409 4235 913 3179 2542 3241 2644 1823 1953 1049 3962 4562 2290 3935 136 1113 4086 936
3939 4794 4985 442 3451 1008 1985 2140 3102 3091 3748 1978 514 2239 7 968 2220 3635 3695 1372
1915 918 768 2187 431 729 2014 2724 1600 29 1254 1811 726 3831 3877 2554 4771 2217 3436 455
3893 3358 4726 2338 3298 3217 4771 1950 4058 1756 1768 2521 1991 3796 2217 4227 2393 260 2930 3132
4274 3591 4974 545 2451 2504 731 73 2425 4872 4333 2425 4183 1058 4611 465 3885 2638 1164 1811
4141 1400 4316 2705 38 1887 3358 3665 3511 3710 854 3611 2628 721 73 73 3230 2843 3526 4264
2733 50 2504 4227 121 782 2473 2367 397 37 1982 1267 29 1811 1218 1431 401 3753 3936 2697
3736 3179 719 321 2842 4266 1879 2711 4691 1294 758 1548 347 3747 3683 3695 4344 1992 2526 4366
2629 581 3832 3626 2849 4086 2219 2602 4663 4135 3712 1075 979 1080 1653 3569 883 744 1084 1953
3489 2567 373 2632 4289 3943 2871 2750 2461 2838 2975 2504 3154 1473 4142 1741 2434 653 22 544
1214 3550 4015 1251 768 2444 1251 4019 3317 406 686 401 2222 1597 1122 581 3794 4794 3037 1329
1915 4645 2222 3187 2286 3725 2085 38 3552 4800 1075 4405 3098 2743 3163 3736 2278 890 1833 2421
