3695 3187 2630 406 4794 3333 3177 602 3562 1263 3305 597 2516 2558 2133 2708 4316 1863 362 719
854 1497 1173 3691 392 4749 1067 362 890 2428 11 4192 1203 2338 4702 1533 2539 2994 3928 4119
4746 2865 765 3747 581 1379 2799 1633 636 581 3563 151 796 2014 2219 2403 4061 2065 3307 1611
2192 3367 1915 4415 1091 1991 3791 3405 2656 581 3939 979 2057 1804 3298 1150 2347 545 4270 1215
3695 2140 3296 3241 2056 3430 3669 1423 2902 2117 3932 4058 1424 2211 1282 311 519 37 980 4826
4759 4088 4354 372 3892 581 4794 979 3694 3075 2679 2779 385 564 564 602 4366 385 479 38
4128 2048 4416 4653 397 3832 3675 2222 3298 1218 2222 289 1991 500 2697 3012 2217 3172 1464 1953
1878 493 1721 868 2088 2163 4316 3128 3680 0 2278 294 2455 1218 4571 3382 3375 4811 1591 4283
3042 2914 123 4021 1091 1909 3695 3196 2114 1856 2827 3241 4086 3471 678 3815 4763 239 2744 245
2582 4743 868 2211 1742 2346 769 1887 2934 4655 3745 973 1496 3972 1791 2214 1158 1776 968 890
3348 2379 425 559 1581 3856 3832 2057 1200 2850 3939 4021 1533 964 1950 2893 2567 703 2057 2652
1896 1157 4504 4268 4815 4968 2584 235 2861 3012 139 4772 4002 1811 3179 4484 4783 3510 4388 4469
1168 2644 715 529 2454 2444 721 4171 3489 2025 1623 1306 39 4847 378 4843 4245 1112 674 3478
4545 1447 4084 4361 3179 163 4243 3091 749 397 3185 4721 3615 1487 3079 722 260 2718 3207 4339
3372 4026 4350 4894 981 2411 514 2302 3241 4528 1625 3563 1218 3241 564 2461 385 4919 775 460
2808 1811 3372 3193 4401 602 4479 2222 544 4212 859 1683 339 488 3676 4825 385 900 2325 4858
3474 3770 1811 2073 4208 3725 3149 4123 3121 4373 796 169 1562 3974 3241 93 3445 4494 1147 205
4692 1188 1013 3313 505 4297 1684 4759 4042 1722 801 3790 590 4681 1062 4511 4992 3983 2179 2373
3680 3731 2934 1171 2500 2182 1044 2632 1429 2140 581 4919 3703 267 4707 719 3478 2086 4242 636
2302 1185 3262 2728 683 3179 797 4327 1450 4663 3312 850 2336 2023 1562 3961 409 455 316 571
4850 614 3283 1424 1330 3981 4240 982 4086 2831 4804 401 1854 1081 3606 1715 2840 1976 3326 968
2981 4405 2367 2311 4388 3835 1150 796 4763 3499 3602 2975 635 4537 2469 1514 2117 2574 4737 3790
598 2498 3911 3489 1034 1107 1435 3504 2496 3781 2998 512 545 3241 683 0 581 1181 3488 3241
4733 4794 4278 2188 3033 4822 1576 4086 956 581 2186 1205 368 2798 2620 4980 2763 3877 2388 986
1978 2567 2656 247 3783 588 1811 2009 387 4848 187 3489 1802 3370 2742 2566 1379 2068 4816 2222
784 3791 2834 1774 749 2083 1713 3856 1038 3607 3563 871 3004 3121 409 2057 3683 645 4771 3939
3695 2115 4310 1203 144 2977 2801 4327 144 4880 1523 525 2065 1572 4708 1492 4969 1560 897 600
717 2521 415 260 982 4907 624 890 2278 622 3763 3530 401 1234 4337 161 73 260 3551 29
4872 4655 721 2057 4777 3745 3279 982 1882 3422 3205 2056 1731 2164 2513 2521 3727 2481 4000 2411
2317 4079 1091 3791 212 3179 879 783 3689 3241 4502 1437 4292 2211 1395 1218 3241 2867 1302 2576
4026 4377 2516 3775 1200 4086 812 3262 4900 1080 474 4541 2676 4856 230 4657 2085 3527 1153 3697
2627 4989 3303 3397 1658 801 454 1456 3508 3065 465 3117 3038 1623 4431 77 360 4946 624 2057
945 632 2641 3456 1447 1464 3366 1801 3877 724 3517 3939 1016 2411 4936 3179 3507 4691 3428 428
1418 2567 564 4337 3489 257 1062 321 3608 3098 2592 2779 1726 3196 2620 2486 4759 4483 1080 1734
4800 2413 653 461 2629 1864 415 904 2057 3056 776 3248 4243 4899 37 2093 4872 1376 1953 2510
4845 3569 944 2103 2608 144 3691 2428 50 1845 4384 3767 3075 1302 2413 3367 2120 141 3942 2832
4164 3042 4067 1262 289 2272 2320 2481 1953 2665 3075 2442 1794 980 2734 2117 2045 1219 2584 3424
759 1943 1707 2342 3521 4593 1644 3938 1157 179 731 401 54 773 1418 2709 4232 617 3901 311
4622 161 3489 2809 3877 3635 538 2567 2733 2843 260 4815 385 2656 1811 3179 3953 3877 1038 633
2004 4388 4266 26 2486 514 2788 1260 4631 580 1319 4900 3551 2306 409 3682 3745 143 1336 2986
305 3921 1424 4086 1016 1334 4197 3179 54 4262 2628 3489 1684 3555 3273 2712 4794 4670 3456 1598
982 235 1633 2977 2088 2895 2146 2085 3983 3590 890 3875 3676 2632 1854 2657 2914 3747 1091 3582
3939 4800 4949 2590 1930 1449 2816 2975 1862 3736 2232 4341 2083 904 4919 768 3250 77 4385 1275
4974 752 1879 1885 3965 385 3456 867 3298 397 2981 4107 4931 3319 860 2666 2736 0 3456 4011
1334 3737 1953 3939 3790 3680 1389 1718 4239 310 1313 3919 4980 4533 4394 2654 1530 2088 1992 4214
1724 4836 2930 2840 1896 1811 4950 1006 3974 1992 952 4561 2820 904 1391 2005 4569 427 581 3149
3384 67 49 2653 4531 4463 360 3377 2442 1525 3546 3179 1856 3526 732 2157 2692 2838 111 2513
662 4408 3370 425 2130 862 3620 73 2022 455 105 260 1343 229 4927 1302 2126 2048 4533 1529
172 3785 3017 3557 2514 488 2057 3971 2697 4719 2323 823 581 4835 1996 1814 401 2171 4060 3635
2093 1447 20 645 1297 3695 2665 2439 382 2334 3026 261 4223 4178 2472 1538 833 4315 1261 4734
1502 1430 2699 520 3916 820 3562 3473 3713 612 2733 1155 410 922 4086 4489 3153 2848 383 2234
4388 2232 1703 3790 717 4405 3423 223 4791 2511 858 2222 2188 307 2222 1061 4573 2339 4321 3787
897 4473 101 2742 667 123 4483 3760 3281 3675 3703 1612 3358 3683 3686 4327 1181 4794 4086 347
2411 1318 3401 2861 1808 1698 2725 4647 4691 1788 970 1719 1530 982 3227 3102 3790 2848 4872 917
4680 671 1953 823 3121 1811 1343 0 4086 4677 2861 2685 1811 722 1115 4017 2516 1953 1719 2420
488 2782 4919 4195 525 401 917 1300 59 2725 1331 3566 4425 680 488 2197 665 4786 2197 1143
854 1943 4444 564 4366 425 2986 1656 3649 372 2964 4872 4800 1013 4525 4510 1922 2933 3275 2824
564 1364 3939 488 4758 687 1410 4949 1882 2820 4692 1708 2448 3048 4114 1325 121 437 401 143
3275 279 18 945 2586 1572 2056 783 2576 3241 1067 230 2548 2671 850 801 1430 2680 726 4211
632 4562 2065 4831 3703 4271 4516 2140 580 3714 884 1300 3796 2122 1777 4359 2512 2914 1529 4253
4227 2280 2511 3241 1236 2428 1262 4135 3950 1178 2065 2076 3260 204 770 360 425 3939 0 1178
429 3809 2602 1417 151 3594 3916 2457 1218 498 1691 2820 751 2056 723 4828 722 1520 3196 53
3939 2774 2619 4831 4771 401 3747 1768 2280 2403 4889 3310 3233 1690 3091 1676 2516 1218 1294 1598
1240 654 1343 223 4299 1274 3983 3907 2878 60 3241 1349 3241 3046 1381 184 2486 929 2515 970
