2007 2057 2723 3375 2790 612 406 664 1067 1351 2200 1325 1359 2009 292 1300 3416 4881 2057 878
2913 4119 2762 4398 2450 2957 3038 4936 3675 2778 2969 2532 425 3038 1979 4832 4220 69 401 4899
1150 1007 730 2473 105 3992 2287 1737 4851 3153 2081 1630 0 2930 3366 4676 3121 1075 2463 1180
2454 3122 3775 1992 2438 2820 3717 3149 4842 1275 86 1359 4815 1502 4541 406 463 2313 2734 2193
860 773 985 3575 1271 3916 2005 3939 3358 1475 330 2382 2644 4600 2801 377 671 111 397 1990
4445 2487 2847 1169 4369 3370 2824 4669 3367 2728 3102 754 3932 2121 3241 3733 2977 2743 0 319
4169 174 3499 4737 788 2266 2785 1831 1863 653 72 4410 3551 1112 1339 2325 3879 1749 3342 4634
4763 4700 3179 1992 581 3236 3241 4127 4086 984 4989 3615 493 2411 672 2669 854 1292 1795 1529
3645 754 2838 2589 581 3275 1218 409 2016 866 2844 15 3196 3241 1157 3954 3815 2820 664 2840
3939 617 0 2902 39 4562 1749 1820 67 745 1666 740 1200 622 1343 1447 922 1272 2559 289
788 3939 2444 4148 2708 1343 3017 199 332 247 4300 288 3793 1839 4496 4517 3687 4959 197 1080
3258 3675 1305 4840 3582 444 580 1374 953 1551 3675 3697 234 1605 2607 2259 4857 4086 4541 968
3575 378 4872 4396 505 4566 2674 1520 24 4975 2528 4677 1722 629 488 2894 2511 1523 4744 980
485 4968 3234 2749 1121 4135 2352 624 2222 3796 2342 1774 2057 359 1112 3298 4794 4053 3710 4366
2642 3034 143 922 2939 3668 3034 4831 3411 1996 4129 4928 1371 884 3689 4763 3068 3289 48 4316
3062 2269 3431 2306 1153 73 2778 3695 2150 2285 2697 29 580 2654 1823 1656 1625 983 3760 2106
1980 3162 4498 4366 4729 29 3179 2331 4316 731 3675 2214 2126 1893 3787 514 2280 4481 2727 4510
2342 488 1990 2708 3478 475 3839 493 4676 4761 289 1998 4525 1383 2305 2310 719 2339 1234 55
1162 3038 4107 1008 3424 1190 567 1747 1456 2470 2880 1666 4231 3241 3985 4795 852 3725 1948 3703
3736 796 290 1218 291 962 2981 3515 3790 2728 2849 409 3595 4236 4516 4531 488 1118 204 3057
1623 1830 1296 3790 4091 581 2751 3523 3248 2033 4760 4316 2009 571 1765 3680 799 949 1450 1992
1445 3695 2664 409 2363 103 3179 2993 594 4658 1010 1869 703 3600 379 1089 1272 4936 3582 1533
1915 1805 2656 4657 4758 3125 3760 4086 4778 2179 1077 405 1879 4314 1012 3899 4970 260 1877 2149
1724 4155 812 4046 1811 2346 2620 4417 743 2490 1802 564 1450 4183 1453 4974 4533 4472 2902 2725
4795 703 2028 1883 4970 953 1930 2521 4497 645 309 2594 3790 4638 205 3110 1781 661 3536 564
1080 1992 1821 2883 238 2221 2052 4058 145 3614 1126 2167 1260 3475 4812 740 1796 749 2911 3563
3241 1415 2955 103 869 2584 3339 3295 1341 541 4245 4763 2581 698 3241 509 0 2834 1112 4283
185 792 1345 4582 3791 2268 1718 3048 409 1089 2885 4201 2164 2880 2189 1447 3113 545 443 3179
296 3478 1992 3710 555 2232 4658 409 852 2380 537 397 1300 2211 716 1754 221 2692 2782 914
2302 3106 3683 4576 4777 2652 1436 4828 1535 1371 753 3281 3102 581 4844 4245 890 3727 4669 2568
662 769 1443 2799 823 4600 4357 783 3241 3647 4086 2197 3287 3879 2655 2175 1359 4451 1765 3927
3143 289 2911 3939 2879 137 3499 4811 3190 862 234 1953 3121 2516 401 663 828 4327 180 1529
1080 2997 3168 401 1111 1955 3703 4063 3495 3682 812 488 4804 1529 3714 1953 3190 2066 719 11
4350 2326 3703 2511 545 852 3053 917 2883 735 1879 2781 2771 3275 3667 4562 3844 37 4550 4080
3227 4800 4583 1119 982 2993 1431 883 3703 3489 428 2676 1373 73 1 3091 207 4359 3869 2628
1173 4768 2164 3117 3773 2146 3517 3793 4041 3051 4097 317 4919 2446 345 406 3179 1371 3763 4591
256 1038 1174 1450 113 1833 4058 3791 2060 69 1091 97 179 4214 2542 3745 3998 3773 4794 2579
4782 3725 3038 4703 4718 740 3831 911 3736 2553 4086 4208 1008 399 3051 740 1597 2911 3179 3515
2703 4486 194 514 3657 3683 3489 1749 3241 1505 1707 3547 1953 2668 2885 602 4750 2521 859 2461
4639 4408 3747 1977 302 1749 3939 4095 581 401 3303 65 2559 3148 2580 1979 564 3241 4974 204
2187 812 2652 3703 2979 2146 645 1811 3697 2112 100 2644 3725 2223 4245 1146 4119 291 1953 1056
3241 3521 2197 3594 636 4073 3001 3179 4026 2503 1833 311 4887 3732 2057 4554 390 2721 3815 818
2865 4842 812 2676 941 1082 1307 406 409 1536 1770 3582 2057 289 1476 2461 2584 3856 1827 990
2683 2739 4281 3896 3828 1749 4414 4005 1159 4724 1807 4119 281 2766 2083 192 1848 3725 4830 1418
4771 4872 1835 598 1091 1445 2698 4647 406 3179 3241 4763 463 4855 37 1591 2106 1688 1991 2938
3939 600 2726 1708 3791 726 2831 455 3374 3736 726 260 4682 2232 297 4361 3036 3616 1967 4163
3934 2775 2461 2280 3683 257 4521 1218 4288 1614 2919 1571 3636 833 4514 2854 2820 1763 1617 2317
1880 484 428 553 4795 4400 665 782 2679 2704 4800 2934 3042 2280 261 4822 4086 890 1907 949
4400 602 3740 1582 3899 1447 409 1261 194 3306 3444 4194 844 3520 4993 200 1811 3568 2216 4533
447 3737 2187 4677 3954 564 773 2363 683 4794 3196 1977 3179 3110 968 29 3275 2567 4350 3564
3847 1343 1991 724 4058 4484 3790 3310 4475 1149 1319 813 2363 3275 3675 238 4208 1376 164 4706
4982 4135 3091 4794 1953 3610 836 197 1496 3502 2308 3004 2057 3241 4185 1802 450 3441 1272 58
1343 2211 1776 27 719 1185 2268 129 2346 4974 267 4484 3821 2388 2566 478 2644 833 468 280
406 3306 1345 4556 4763 3927 2777 2231 1376 2205 1310 651 4815 3179 3241 2598 4900 2308 882 1990
3951 3038 1666 4810 4669 3939 2692 3219 1056 1343 3011 2600 1236 4366 2676 1785 3939 1128 1281 1010
662 4795 4651 792 4036 203 3695 4562 2566 253 549 2768 3416 2601 4219 3586 730 2461 2946 3196
409 3395 406 4026 4431 1530 4607 3234 787 1421 2553 4983 2895 1343 2655 2620 425 3342 327 1930
2585 2403 3059 1833 3113 4955 2772 1967 3953 4086 2057 3367 321 4858 1556 3337 3786 3543 3416 918
2997 113 394 0 530 474 3499 1977 149 584 1292 2893 4685 1482 18 3935 2816 1953 3517 2450
1457 1625 420 21 3874 564 3703 1830 4593 968 1675 2371 617 3874 4636 2628 2033 2958 2367 29
2425 1772 2217 4672 2470 3680 3257 2244 3179 4483 3073 3241 3241 3858 2299 3812 662 1202 3563 2126
1645 613 2840 1262 24 869 3695 493 581 3517 4859 315 1359 3241 2993 3882 2500 3719 1715 425
2598 4005 1815 4086 882 1321 3809 2405 589 1215 2636 400 3775 867 1628 0 1266 4245 2865 2367
929 815 3939 1109 4872 1879 406 3179 401 2736 1379 3504 4533 2692 497 1668 850 679 4502 2305
