2598 4749 1571 2701 3370 1089 3727 2945 969 3733 3794 1913 2057 3179 4691 2516 2520 1499 2238 2088
1100 3887 4691 945 4084 3671 1176 1280 2257 321 4280 3525 126 877 406 3066 1454 2840 556 1488
1978 2958 2198 2567 2574 2367 3775 4556 968 667 3484 2057 745 2367 1371 802 1122 2576 922 617
4824 3298 3038 4058 4957 1258 3179 161 1038 164 4691 703 259 1497 2574 753 3985 4794 1379 636
3939 2193 3275 2317 784 29 3179 683 982 4945 1992 2488 321 2188 3883 247 4750 2975 4316 410
4949 3987 2424 34 572 1367 991 1262 883 1533 4900 3566 4320 3721 3450 3248 3804 1442 3582 74
2280 4344 3962 769 3179 2993 3 4989 2526 683 1449 2742 313 137 2934 3675 3809 2901 1024 3074
1902 812 152 4557 4817 4953 4835 629 2197 1533 2211 4027 4240 803 1807 1001 2504 2023 1339 1935
3939 4691 1953 624 3939 2250 257 2366 2308 4514 3403 2442 3341 2196 2377 985 2253 3102 3489 3123
3736 143 2111 2486 791 591 2302 917 1056 4408 4086 1056 3849 4262 4325 2232 1404 3531 1231 1091
4611 2664 3145 911 3818 3675 2725 1112 1633 3311 463 4086 3178 1325 1765 3689 667 2902 2140 143
2140 3179 581 1625 257 1657 4919 1398 25 2945 3523 3589 4306 4107 3192 4655 4278 3725 3856 3179
580 1782 1998 235 4314 385 801 485 3689 4862 2196 3541 2117 3500 883 4076 46 512 3370 1985
860 1666 2187 4800 4557 68 3091 3153 2504 1371 2881 545 2725 858 151 3159 3075 2486 366 4254
3841 564 2636 1798 1802 3530 1703 1124 409 2866 1659 234 2865 4974 3972 3591 3187 2306 793 3475
2115 2530 2575 3489 4922 4500 1862 406 3566 2515 796 339 1724 4393 2179 3869 2223 3179 1671 4794
438 266 1584 3899 351 406 2779 3495 1144 4734 197 2419 413 64 890 2742 838 2120 390 931
1665 874 126 1749 2567 4415 1885 1441 1869 878 4904 2511 3884 2317 4970 4242 114 2820 820 825
4207 1272 1885 3463 341 2516 4294 4302 2023 4858 704 77 488 1081 1439 4163 2140 4197 3227 1520
3546 295 4158 463 4600 4004 29 1302 986 2222 2342 1392 330 4677 3241 2468 235 2126 2644 1276
3934 4771 581 1171 1451 4681 4579 4368 221 1447 1135 2367 1232 4038 2736 961 73 3633 4310 435
1220 86 2820 3575 2820 4041 4692 4480 2464 4761 780 2733 1593 1320 773 4245 336 4857 59 3910
711 4227 922 1355 2902 865 1943 711 883 1930 360 3075 3179 1763 4815 3119 4049 4691 2422 2975
1157 3209 4872 4750 2061 2106 1134 194 1802 2211 204 2532 687 3850 29 874 3102 537 2188 796
321 1862 3179 406 2738 4483 818 2406 1657 3489 820 3685 3303 1811 4794 2628 3120 1691 4253 2911
2434 512 3384 4086 1807 3935 3769 2718 1357 1404 493 425 4531 2164 4600 1057 2656 4541 545 2188
2896 3563 769 3884 3885 204 2702 4245 3932 1451 1909 2535 2418 3466 4576 29 1424 1 2289 3463
8 1958 215 4691 1325 2594 2428 4135 3932 3856 3489 1325 2792 2843 25 3703 1032 1272 4037 4694
4846 3038 4514 2302 1151 1800 3017 749 4026 4060 392 324 2974 371 1879 3121 4742 2463 4245 719
394 4006 4651 3675 2718 4086 1260 700 4553 4795 1998 4155 4898 2390 0 1460 2532 917 2311 1218
2764 1496 334 2232 801 1098 4604 2902 1440 401 123 3275 3957 754 4952 4626 624 2891 4667 3317
2014 2430 4112 2769 4164 1885 3369 4938 982 1048 1572 4745 2516 4742 3790 2016 2930 1038 2317 1101
3427 4333 1985 4982 1690 4226 2222 3145 1496 2486 844 3779 3367 4863 3791 1247 2644 3943 1297 554
2557 4015 3896 2919 839 2163 4570 2680 3245 392 1730 2822 3236 4172 3489 3179 1111 3241 3574 2048
3883 1447 164 2231 4738 17 4434 928 1240 2150 4361 2981 3250 740 2125 409 2558 3680 1054 1272
4223 1126 3147 374 4119 3148 2164 2199 406 3001 4992 230 1108 3875 2584 1629 4217 525 2644 720
4320 1549 2726 2504 3102 290 2374 2374 613 78 3495 2503 2127 1772 4523 729 4472 3667 1908 538
4382 1811 4557 2975 2894 428 4139 429 2721 4712 2009 1859 2755 3248 2656 1576 3179 3820 1 1185
2172 1254 4288 623 1109 3664 1147 2725 2842 2894 4514 1868 3865 1800 4858 4639 3038 3553 1330 3235
4794 4705 2475 4533 4957 3897 1789 2865 1329 4480 3649 4643 4874 851 814 1996 4222 4746 1698 2713
4400 321 385 2193 3710 2317 731 474 1355 425 4408 3603 4945 1272 1913 4514 2214 290 1325 544
532 2317 4337 1349 4677 462 754 4483 4465 3052 759 1084 4416 3588 1298 2222 2840 212 3164 446
3645 2463 3241 4638 488 3832 2770 3728 4222 1815 2704 892 4469 1992 1605 679 4723 1251 2367 633
1185 3889 2566 4284 2704 2117 1490 1514 3885 311 846 310 3328 676 3594 3187 2056 77 3032 1925
1908 1393 3075 788 1816 2339 2272 3695 2305 174 740 3273 2068 1904 1008 4586 4749 4578 961 4278
2620 425 2150 3075 3787 726 4238 2712 1913 1871 2708 1170 55 1321 900 1181 3667 3696 2346 3241
1978 2033 2515 4900 2911 1507 719 425 4691 4988 3476 2841 4872 1218 1811 3601 1992 1768 24 1909
4178 2969 968 425 4455 645 3311 1236 2310 2140 1032 1869 3417 3157 2302 674 4086 3922 1885 3411
2832 2066 1359 1398 4397 1760 3869 3688 4936 3628 581 980 260 4163 3147 3275 3531 3380 555 2222
3035 1718 3790 4089 2421 2567 69 1105 3802 3796 636 3675 3241 4028 1714 1755 4995 1765 260 4637
1062 203 917 3847 2718 3773 3365 3618 3437 1255 2389 4817 4815 21 3416 3271 3227 3965 3106 4359
4021 3140 4890 2694 3370 1091 3196 2662 2977 4633 1440 428 4845 878 3535 3004 1218 4094 2586 3763
498 2666 4089 740 2374 159 2455 932 884 4630 1400 1240 72 457 3791 1951 3885 3683 4086 4815
3145 1128 3275 311 1475 3717 4531 4674 4832 4873 3877 679 2516 581 1749 3389 262 1868 3738 953
3746 2865 3 4562 600 4832 1628 3528 3939 3688 234 4086 2736 2993 2719 3685 4270 1811 93 442
222 2911 194 238 2331 1719 749 2222 726 3680 869 3737 2365 581 3017 2566 1520 4951 4842 1262
1867 308 1736 581 3165 1325 3200 1126 1771 3234 3179 1614 2831 468 982 678 3588 18 3157 3162
3769 2954 2581 256 1562 2284 1091 1112 4158 3457 3683 289 1953 487 4763 544 2566 3775 283 4525
1977 1893 750 2670 2198 3451 2060 740 360 183 2651 2656 3644 1371 3939 1752 4591 1224 261 3080
2781 4691 2668 2188 2680 1744 1382 1013 4325 4698 4550 3691 4718 2975 1867 1882 1946 1388 1321 3787
3282 54 3241 95 73 2914 4591 2911 3696 2486 1056 2834 4858 204 4831 3904 455 3939 443 3831
4333 1612 3758 2222 4632 2317 2656 2526 2832 2093 3515 3352 4414 985 3241 3187 2057 1675 29 2679
1977 257 193 4619 1719 4440 1181 1240 2504 967 1168 1691 4620 4845 4618 3649 3614 3252 1813 3885
4350 4510 2651 1698 1454 1039 918 111 4173 3447 4159 3939 2676 289 1355 3241 564 1331 1951 4341
