3042 1095 2701 1820 3755 4794 4482 4794 1655 1349 4158 3794 1369 3241 1439 1137 4457 1557 3255 3939
1436 488 2393 3563 1802 877 2945 4137 3095 2222 1464 385 4907 1514 3305 2612 4158 4022 521 1913
2280 544 2432 2993 2574 1992 3563 2871 2865 922 854 3170 4417 2196 2986 2144 3673 4614 2595 106
2952 4854 4541 726 536 1539 4739 2866 3042 4197 4073 1147 3791 78 1191 564 0 4677 264 4163
1636 4894 3939 4086 2041 24 29 460 1377 2306 3498 2291 3714 985 1200 2057 1080 1107 3017 2045
3358 2775 4578 2029 3685 3748 564 4815 4831 4386 1992 4818 2294 3548 3904 4919 972 1707 4459 2993
1992 4562 3939 4058 4547 2304 922 2222 2352 4790 4469 2442 1529 4544 3771 2557 1240 142 2232 753
1320 3726 3763 3591 564 2571 1090 1116 1445 1251 4125 59 3879 205 3264 4483 3763 4974 509 3600
1915 3475 581 1820 1331 1327 2862 1494 4989 2733 2575 401 1234 3306 2749 4327 2649 2567 2805 1376
3939 3703 4415 3939 34 3689 247 4845 2083 4155 4533 2800 347 764 3839 917 3703 3719 1134 3890
4670 3736 2692 4531 683 4985 1254 335 3325 1170 406 376 4904 4267 3604 1325 1010 982 3358 2331
662 4900 3241 2216 4822 4562 1978 488 390 2903 4855 923 654 4985 4483 3478 3747 4499 970 3241
4365 1926 401 1992 3877 1124 1660 3685 3703 1202 3007 3388 860 3793 3569 3090 2746 3275 37 844
260 1741 3696 859 2692 1112 3490 3832 1999 3747 500 1041 2035 4383 3695 2258 2188 2410 1343 2296
2885 846 4472 4262 4558 406 3303 3296 2567 4132 1828 3319 3079 2734 4800 428 769 3412 4669 2326
4794 749 1173 2062 4794 3848 920 2307 1676 2048 4734 4133 1272 4607 1312 1691 4774 3461 4938 3138
3145 19 123 2120 488 3057 4290 3745 4222 3051 574 3055 3657 2110 617 3331 1734 534 2363 2439
3143 4649 2109 425 890 581 4316 2422 1968 4607 120 1707 2726 1830 3247 2032 3685 1200 3755 1424
183 545 302 3241 3851 58 3714 289 2222 2222 683 3196 3358 3508 3117 4135 3102 2778 1953 1029
3355 1001 257 1450 3969 1444 3190 1802 2488 703 4395 425 2701 1953 2951 488 4718 4197 1645 2328
798 2142 308 3685 2782 2020 1893 4518 1437 1258 4063 4256 3736 4225 3587 2231 3907 937 3157 1190
2192 3001 2334 3877 4868 4670 3582 4734 2820 4071 2214 4831 1038 615 3869 400 1094 4686 2614 3951
3179 1312 0 4787 4288 1703 3645 2575 77 3669 1996 3104 3328 1529 1811 1302 4533 4311 2209 1811
2185 907 4826 4339 3893 375 2468 3782 4086 1811 2850 4163 2704 3939 3939 3875 2209 4457 844 1908
1349 3038 3049 4817 4815 142 4521 1763 4815 1802 1812 198 2676 1355 3124 1844 564 4516 4831 4399
1240 4957 425 3380 334 1393 3836 968 4794 98 3910 2772 3145 3832 968 3348 1200 4900 3873 598
3262 2442 3478 982 4377 2140 4511 2676 2103 2746 2692 4815 4558 229 2093 2232 581 2702 2475 1203
3885 2045 1603 1114 4680 3932 4280 4669 73 406 3981 3737 2330 3017 4479 2179 4519 2679 987 66
2287 2222 3187 3389 2638 1830 0 2471 4380 4487 4066 3793 488 3177 1331 4333 3563 3680 3301 4844
2937 1057 2411 3243 1585 4129 892 1218 1698 2150 3179 406 982 2902 3624 390 581 1367 1253 4576
3939 4835 1749 3531 1645 1343 4795 3651 4841 2536 1726 3157 3831 4798 3320 3290 717 1269 1391 2503
4400 3939 2126 581 581 2902 3790 3435 4794 4510 2757 2679 3498 4942 871 471 3217 3241 3390 1172
3703 883 401 338 3821 1045 390 199 3032 1833 982 1019 4280 4968 3370 2115 2235 2838 73 1240
1923 2723 1445 2634 2223 230 1943 4333 1283 1992 2198 2907 2044 4950 3100 2778 2852 4126 428 2172
2770 883 3275 4794 487 1991 1896 1802 272 2676 2170 3703 0 3305 3404 66 3936 1513 3307 0
619 4414 2770 4288 4711 1625 844 2777 2057 3389 2644 2306 1091 4086 2374 4088 4163 4591 2115 409
4361 4501 833 27 4510 769 4405 581 1445 488 653 1252 4644 497 1017 961 4000 4695 1768 2516
754 2057 3898 2222 4131 3234 2649 4172 151 3179 3691 2653 3370 3932 127 3439 1816 261 1060 3672
929 4403 3875 3489 4135 1355 917 1920 3042 2879 2620 598 1161 4227 1056 858 1302 2757 1284 4838
4703 2791 2057 2284 3747 1649 2057 4192 4989 1805 483 2217 3832 3149 397 581 3275 1424 3552 4994
2826 291 2948 1896 1200 4288 2232 2062 11 4800 2894 1614 3796 3924 2447 4403 2628 984 3856 2367
3546 4631 4086 2719 982 662 4591 2865 4514 3779 1657 289 4162 2005 1986 3932 769 280 3856 2305
3448 3139 3537 3270 4599 3382 414 4676 4874 1585 878 970 1967 3680 1529 59 4439 126 3029 3404
1665 325 1134 4120 3490 2038 1570 4431 2757 73 4578 294 1112 1232 1343 1977 1086 2997 4816 1536
2654 1147 800 2850 1755 662 2670 454 2050 4851 2725 604 24 3703 1928 1339 1421 3574 1768 143
4443 609 3585 3582 3885 1101 3484 37 2993 2222 2115 859 3790 3404 4804 4795 2656 3645 3794 581
452 3790 4402 2085 219 2727 1804 139 4246 3042 2083 4525 3466 4093 3492 3946 3323 330 2780 1302
662 2656 4900 1112 1776 581 54 676 564 4815 3856 796 1663 2800 2428 1856 4086 401 600 944
4266 315 409 3179 4236 2623 174 1317 1325 3013 1978 564 3241 1305 3889 3179 3895 2676 4439 204
256 2948 3221 2144 2124 4541 4057 821 29 2459 2194 564 564 4676 1111 3526 3489 1409 2584 1496
1236 4368 4483 143 1218 3824 2838 3916 2671 3394 4794 1306 4989 3667 1245 207 4058 4837 980 2902
3951 315 3358 4486 406 722 4561 2708 4013 1992 139 1000 2413 3241 3725 2617 3703 4086 4106 2310
1915 653 1672 735 2977 3283 1294 401 534 4771 287 3887 4183 3862 284 788 3939 1549 1116 4000
3233 4897 4669 1275 1294 796 836 1533 1296 4333 2894 10 2231 3731 4480 3703 3067 2867 2134 1633
2287 105 1943 847 2484 1719 4334 1379 2697 3680 1893 106 1927 1920 2697 796 3084 4176 4208 488
1240 812 567 1410 4479 2209 2779 2046 2062 4819 2567 24 3667 3696 4718 2187 752 2443 2542 581
2241 953 3675 2811 4159 2390 3680 1645 1795 29 3939 1135 2073 3732 2542 1323 3334 3675 4994 1820
3380 1624 3916 2981 3939 3102 1230 4794 1944 818 4039 1297 2379 2227 2439 3729 488 4804 4937 4680
3389 3141 858 3124 2033 4365 3241 0 3922 1443 721 3877 871 3633 4551 281 2305 2461 4331 2449
2585 2896 4945 3309 3577 3510 3154 1261 4283 2057 3196 3488 1062 3042 4240 2894 4304 3824 54 3102
488 982 2643 1147 4009 2766 2146 4749 4561 3179 2644 2344 3187 3675 1305 2735 2146 3358 4561 2374
2959 1942 1298 883 2009 679 1623 2084 39 2789 2211 3547 4325 2094 551 1053 4469 1410 4676 150
1896 4080 2896 3844 4749 4599 545 3401 1218 4086 191 3573 528 4137 2957 2339 400 2501 1715 645
619 4855 962 3329 3179 1024 3378 4260 1891 1376 854 3358 3117 600 521 1581 142 2223 3667 679
