1584 4327 4400 3280 1520 1197 1811 4919 500 997 4313 463 1218 858 455 2342 2597 2411 1112 3740
2576 3348 4375 771 3980 1079 1841 420 4919 2305 3370 406 3179 135 1514 1802 1062 917 4086 3942
1514 289 3498 1095 1475 4417 397 3517 2581 854 3041 4169 3592 1389 3262 58 233 204 2921 493
990 2798 3820 3804 3745 4872 2576 4280 38 3105 380 401 2981 4520 2832 4483 2940 1352 3536 3448
3793 747 3367 3595 3726 334 233 1203 1038 4695 4186 2248 3896 3517 4658 2601 1088 2649 3794 2801
653 4078 2163 4086 564 4097 4316 3147 2308 1768 4086 1967 4472 1112 3932 2112 2617 73 4483 3331
3939 812 843 4763 3444 3787 769 4563 360 1913 1525 2254 302 2346 719 3493 123 962 1131 3456
1915 544 932 803 3271 1793 1164 19 2567 1568 2785 2720 2734 4541 1992 1533 37 3924 3680 1588
4703 4959 890 4005 3077 406 4086 3489 401 500 1765 1305 0 3241 414 3939 74 2721 1109 3026
1095 267 1323 531 3939 2842 4798 2222 624 2930 2899 328 3323 1347 530 2232 4366 3101 2730 3102
878 3937 3667 605 2244 2411 2083 4900 4073 4894 1218 2388 311 3747 3751 1450 662 1168 2305 4049
4815 1623 115 2554 1953 543 3370 719 488 3747 4872 3624 3536 2934 2824 525 488 3191 1811 792
3227 2117 2464 805 2989 1658 4698 3793 3077 4542 2567 1106 4540 1992 617 2294 3939 2346 2444 2955
684 4152 1992 3024 3469 4299 3563 2376 2623 1726 3656 3997 2467 4992 3108 740 2057 1236 1244 4113
1089 1436 1657 289 3147 2637 2164 4058 1032 488 872 724 2894 3328 3547 4112 2736 605 2665 667
2285 1722 3727 2626 1913 73 536 992 4194 949 2079 1460 4919 4038 360 1991 4883 4815 1327 4815
1654 4850 2861 2066 4450 1802 2736 3939 4746 4483 2057 4125 488 2576 455 4658 4366 2140 3667 1218
4164 1915 4526 1958 4781 986 574 4657 230 633 796 2575 3179 4425 2719 4544 4992 1714 2930 3816
2900 635 2828 581 581 564 3075 3179 1560 3515 3790 4950 2691 3245 4425 1854 2630 1094 4970 2145
3238 2623 4676 4288 4904 2967 3179 4368 401 1958 3147 4887 2820 3724 488 1815 4680 1811 4333 409
4887 4909 4169 3038 3517 2164 3038 3553 1633 679 1623 698 3978 917 4653 455 636 3675 3896 3984
2804 3118 2754 3696 3685 77 488 1405 2835 3790 1218 2570 2536 1628 2574 1439 4872 4227 1795 2662
214 2083 4301 2542 4923 204 1722 4804 3839 4288 3283 1259 3234 1497 2551 2699 4058 3076 397 1992
4815 1562 936 726 1296 4805 1811 2847 3583 800 3147 1839 1734 3703 1625 544 4316 2133 538 3320
2809 4528 2463 385 4744 1262 1811 1523 2934 4475 397 4359 2644 230 4003 2567 2671 2428 2644 3649
500 622 4510 3456 257 3331 945 2790 2098 4631 359 3789 2256 3563 3530 2244 4214 753 770 251
3523 3703 1379 3661 636 4877 1580 3884 2140 3877 1765 1218 4118 3149 1251 4481 1811 1218 1811 3535
3372 4280 2670 3915 69 2820 2879 4283 2628 1811 1415 1869 4796 151 4211 3954 1496 4832 2779 2585
3939 2280 4481 2041 953 4815 2656 287 2565 2887 740 1323 2404 4247 1796 205 3939 4366 4521 4957
2187 2871 3179 2057 4086 3419 3337 2342 2102 4366 3729 3560 3038 2115 4194 406 1833 3744 2057 1578
4000 1666 2663 2009 1812 2567 2765 726 3162 1937 4152 2595 3017 2866 86 3528 2856 1592 3978 3177
2306 4125 2344 3067 381 2177 1628 961 3418 2865 1080 752 1292 580 1731 581 4416 4592 4815 922
1218 1056 4945 2358 4628 3241 1240 3983 3748 2296 4316 1376 2644 4316 4900 3179 3102 4514 633 2222
2567 545 294 4968 385 2335 2630 2993 3451 728 2820 4881 3116 1421 4544 3305 261 581 4832 3179
4800 2462 260 1320 3179 3287 1447 2205 3193 3367 2736 409 2088 77 2742 311 2997 375 3885 3001
2799 4003 1649 2444 1691 4163 3680 382 3821 3685 2305 0 4243 512 4327 527 1216 3177 2439 3077
619 3764 2200 1863 3275 2388 1230 4562 3939 2032 2919 3675 4905 862 2065 376 3280 1990 4872 1339
4443 4397 334 2865 590 3305 374 4976 2308 3789 2993 445 2736 2306 2306 2039 1835 2479 1576 149
3042 560 2232 1950 2900 3307 1492 406 4651 4755 555 2901 1616 1835 4058 3551 1748 1253 1393 3962
3358 1442 1529 2486 4112 4815 931 3680 2985 1341 3680 860 4112 1882 1888 1525 3608 2222 3978 4472
1990 1915 2726 4120 4848 1659 4850 3352 1623 2837 2057 3248 4800 29 1218 143 230 3199 4800 3608
264 2824 429 1302 1979 4344 1218 3675 2902 3560 624 2780 1185 3939 2736 3563 3804 161 2222 2310
2287 2222 1008 4763 4794 982 1019 3939 1487 2907 3939 3241 654 1376 1185 4795 712 2056 2056 1088
4811 409 788 4743 2542 4858 3798 672 3871 69 255 2336 4794 2596 2546 3775 1001 1427 1569 2093
4798 4811 2232 1998 370 4573 122 78 2439 1247 2908 2656 1305 2778 4521 1107 4639 3742 3204 1329
1236 4820 4974 836 1225 1953 1112 3675 4767 289 3635 1345 73 1217 4003 2325 1244 4514 2259 2697
3695 713 1536 29 1218 2542 2675 4316 1588 3893 4112 493 1450 1335 1731 1707 4800 3608 1218 3495
4373 3551 1447 3403 241 4472 1112 4561 4738 4938 77 488 4622 2762 739 2432 4183 591 4831 3656
2671 3551 2763 3523 2975 2629 3683 2902 3179 69 1978 3882 2222 3379 1244 4815 1062 3241 2432 3171
3951 488 4570 1811 4562 4245 3954 890 1446 192 3079 872 3179 3832 2598 1424 564 2652 2833 833
3765 4229 796 3719 2721 3137 2630 3179 3241 3390 3370 2327 968 2382 4541 283 2365 2778 2899 3809
3262 137 653 3689 2790 3401 1349 3696 1409 4974 4627 1781 4049 3279 2710 4081 56 385 1992 25
305 1719 2117 111 455 2913 4357 3241 1991 3747 382 581 890 4815 3805 4347 2572 257 2615 2463
860 1038 4818 78 3790 1309 656 4794 682 2057 2559 80 653 3370 406 3733 4743 2106 2384 1
1240 2865 1978 2865 1948 2502 4521 123 3463 1883 405 1514 3696 1953 2444 1811 1218 2799 1200 1185
3939 151 2140 3157 3358 2501 1765 25 2840 3029 2493 982 3188 4571 4400 3499 905 11 4562 3368
2280 3680 234 4576 37 4565 4388 1232 1449 4592 3290 406 488 261 3972 3517 3280 2231 1780 1253
488 1112 3517 2602 173 4086 119 2791 2993 4202 4338 890 307 4131 401 3900 2222 3907 2468 564
2280 3680 4003 2670 1410 2580 2467 3781 3939 4666 3691 636 1597 3300 2066 3241 2085 3893 3156 2106
2966 56 3292 77 2374 2026 2211 260 3096 3658 1722 138 2109 455 3168 2057 290 3526 3179 1953
2287 4995 1371 2355 3494 2800 1953 2187 3117 3725 2562 2734 883 3697 2831 731 2849 4086 1830 2812
2773 4818 2562 1398 564 3287 4771 346 1765 3179 4533 484 3382 4904 2567 3821 4794 3884 401 3425
4815 1095 1297 1951 714 1128 3401 3075 2222 2988 754 3680 4158 1833 664 2308 3370 3569 1533 4178
1220 847 1529 4959 2397 3620 3329 1272 2251 3668 1271 2850 1450 1075 3241 2742 3179 724 2232 984
