4800 4531 3609 4562 1081 1896 1611 4705 4400 2127 3386 581 3079 3017 4471 1107 2185 2996 276 3566
634 3474 54 3563 1516 4273 624 4827 759 1536 3179 3500 4353 2127 2791 4280 4489 3175 3830 0
784 1447 478 4985 1147 248 21 1518 2584 4483 4533 1319 4278 395 665 3374 2076 2584 2308 493
3985 346 64 488 208 3939 4022 2144 2010 3450 3517 4794 1189 788 747 3790 1296 1992 2526 3565
854 4985 664 4366 3615 4701 3699 475 3720 3628 4815 1092 580 1830 1815 4989 1530 1398 631 383
687 1174 3152 3879 1640 1240 2957 3125 4171 3922 1123 77 3873 917 3922 3417 4220 258 2057 3986
1977 4872 1457 1216 581 405 600 1646 3075 1216 4950 4280 2718 290 409 754 3954 3159 2902 2902
293 0 3110 401 632 4655 4333 1754 4169 3317 3516 401 1120 3241 2670 2567 488 2893 4290 1056
4916 3125 4691 4987 3635 1719 1415 2057 1100 3976 1330 3686 2339 3370 2790 2217 2393 2608 1653 1421
151 754 1525 599 311 2042 289 2820 740 2679 917 3370 1633 3560 2411 613 2057 2235 1879 42
3695 2259 2565 1101 3689 4510 3205 3469 4985 2337 1937 1267 275 4904 2047 4398 3114 1604 4227 2057
1364 253 2982 4801 1326 2791 662 2058 2820 982 3179 3223 3585 3038 233 4099 3300 2014 4300 69
3358 2913 460 3450 425 824 2636 4802 247 3179 2030 406 3179 213 968 890 777 859 4300 1010
4235 581 1998 4831 3037 1440 4061 2902 4211 1200 2820 3790 2623 4137 150 3884 25 2516 2895 4325
69 3727 397 1424 3842 4987 849 4236 1991 542 747 2692 390 223 2811 106 2057 3530 3853 2819
2739 2467 4974 3772 255 1195 4043 3106 4775 3241 4850 977 812 3343 2946 1231 2516 3275 2567 345
1089 4595 4339 581 1496 498 2574 1541 3244 2360 2209 291 4472 593 609 3896 1598 1487 3177 3761
1296 890 985 534 4086 239 4794 4316 388 3172 1218 1603 186 1154 50 1355 168 146 1252 3538
739 4687 3566 979 3977 151 2778 1340 4098 2222 917 4796 3608 2616 4054 1359 406 3675 3241 3680
3448 2056 1876 2149 2738 1645 1633 1218 4120 1041 1538 1080 4268 1772 1371 199 1788 333 3677 4872
985 3887 4316 4325 3075 4227 397 982 4236 1325 1667 4749 4754 674 538 3154 4111 4586 3873 1556
3262 1893 913 3489 2486 2521 4479 4457 1714 954 3703 2342 4397 837 3075 4816 4152 1376 4214 2149
3358 2065 3478 1294 3922 1974 2865 3147 2686 1050 29 2750 1321 1913 425 1099 828 609 4900 728
2628 545 491 2187 2217 1701 4169 3066 3774 4366 4347 3042 4338 1215 932 4586 3241 581 1514 590
488 2302 3703 155 2106 4528 581 4288 106 77 289 106 463 2182 3871 37 3747 2729 4668 4521
1750 2332 1908 3214 1016 1908 2199 3495 1464 4112 913 2515 2054 1943 3524 4974 2628 1421 2367 3796
3602 2743 919 2770 629 1100 865 3783 4245 1438 4341 4632 4316 1833 982 1218 4985 2231 962 428
3841 305 982 3279 3179 2736 602 2615 4992 204 1752 3044 213 406 4909 3287 4164 2634 290 4440
4296 1455 564 2217 4763 3252 2893 3747 1828 2076 4280 4598 401 2527 1100 4763 2790 173 4750 3530
3380 2740 2092 4880 161 4489 4365 4129 4669 1454 2811 3389 991 1788 3179 3307 455 3898 3281 3877
3666 477 2780 545 4373 4755 1325 1856 2374 1424 2038 2147 1519 3303 904 3997 0 409 2587 1492
2598 4691 787 604 858 719 4531 929 3148 2231 3490 2405 4208 3524 1091 4217 1529 2120 2607 4320
3099 465 2223 2280 1811 1308 2479 95 1814 4958 1350 4954 801 3729 3626 3121 3980 1011 4771 2656
4227 143 3560 2155 4207 238 2623 3832 554 1027 2403 1543 4279 3922 513 2486 4366 315 922 0
1782 653 826 3845 3879 54 4527 4026 1078 4119 3029 4795 123 3983 2934 4771 1591 728 2914 4591
1250 1144 4794 3196 1812 93 770 4542 973 2840 2644 975 1551 208 401 3980 1180 3629 3450 632
4163 922 2440 1923 1855 2728 2092 2349 370 3500 64 3793 1384 111 1379 4664 3311 1026 769 852
235 3596 564 564 4677 2865 1560 2567 1940 3587 1385 1202 1249 4086 4832 4938 4321 635 4174 4718
1411 73 4211 3683 289 1343 4258 2106 471 3451 529 1355 2041 401 3038 1039 4446 3528 4127 4245
2485 2452 1482 2586 2223 1676 2336 854 2391 2248 281 2491 3987 1738 3499 1371 1127 11 4533 4571
2913 1306 4541 1953 4367 3274 4259 3242 4770 3703 19 4375 4691 979 581 1300 4112 2526 3412 73
384 2470 414 3582 4326 4302 3241 40 3489 3396 770 233 1442 2676 4894 784 4400 3675 4897 1218
2839 1929 1095 913 1497 4658 1811 3885 1081 2812 29 602 1417 1814 2725 3856 77 4845 114 3675
2179 1615 4288 1802 2769 2045 2030 778 581 4990 2463 3850 2856 4021 2697 4923 4815 4815 3816 1960
260 4043 0 197 4316 4325 4900 3241 4872 531 770 3922 4953 4517 3698 2767 3667 409 4333 4983
412 2424 131 2924 2336 895 633 643 1779 2816 2330 4125 2532 135 3775 2623 1623 3098 488 4029
4756 3270 3201 3275 4307 4333 2115 2581 3044 3159 4414 1339 1334 2182 2865 4858 2284 2308 2899 1164
4041 4225 4218 1529 3358 2338 3028 1734 3311 444 141 3683 3879 217 4652 4410 425 3489 4316 575
765 4133 255 4985 1496 3986 58 1992 4240 235 488 2030 3422 4400 2684 4271 973 1173 3339 552
2331 1932 2711 3032 2200 890 4113 1029 307 1347 3358 4129 3497 4240 3325 3792 3367 3178 1261 3574
4816 1636 2387 3241 2440 876 3226 4086 4527 1091 1899 3676 1343 1935 4514 4379 234 564 4794 3696
536 966 1227 2249 2574 3683 2150 2734 4310 545 2645 1249 3370 406 3241 4712 4800 4811 4314 2222
922 2198 93 1937 3676 1030 1628 3719 3445 1726 1893 4086 4026 54 4097 4815 3703 4382 2106 74
1396 3241 2608 537 4169 1890 2682 545 3564 3179 1471 2428 3504 968 1612 869 401 3276 2902 1496
1328 289 3587 4900 3241 1726 3809 1576 1578 4189 3939 3576 740 3196 3985 2646 1628 414 2211 4991
2576 1913 409 4576 2294 2057 18 3401 4989 568 2977 1992 19 3922 754 884 1596 4912 2280 4959
3939 3602 3635 2652 1859 2713 2849 4691 74 2287 4561 2255 455 937 926 2474 3790 111 1760 2913
1915 1992 788 488 1802 711 953 4772 106 3566 3241 1157 4794 870 2330 1410 1415 2654 653 2048
3056 3306 852 1752 3515 2644 581 3898 413 3877 2584 3066 3983 2460 1712 4672 969 488 2950 1984
3645 1915 1375 3748 4691 4832 3747 2827 1591 3059 3867 1267 2502 3164 1930 2255 1475 3056 2742 4366
4903 2535 3856 228 2781 4135 3306 2033 2198 3596 943 1143 717 3939 4528 4794 1275 3067 1811 617
151 74 3455 1496 1100 2449 4192 1765 3736 2799 4551 3985 1925 3357 4824 4844 3367 3539 3736 1584
2654 3537 1487 844 142 1430 4246 1575 3601 3446 1095 3247 1835 25 488 2449 1117 3370 406 2190
4443 2334 1992 796 3718 406 1611 406 1119 3179 719 3221 4710 143 3664 3038 4514 1098 1375 401
