897 846 2200 3179 3241 4314 2466 1908 1438 1026 3179 1727 2023 769 1185 3362 4254 3241 3248 409
4609 3044 1811 2566 2914 3303 2895 2438 3003 4479 2211 1447 3896 4669 2572 2986 633 2750 3983 2842
1328 4214 3948 1137 484 3799 4141 1967 444 544 3367 4855 3145 293 4945 3179 4541 2516 2438 962
765 3809 1004 2204 1450 2296 1157 3517 2688 139 3675 4021 2219 1171 3358 50 425 3324 3939 2275
1240 2779 1157 538 3001 2487 3871 401 385 2016 918 3179 2186 2791 754 1628 2757 113 485 1578
4292 884 3091 2523 1324 4270 234 1247 113 282 4516 1183 3889 2584 1155 2083 2065 628 1505 3179
4794 4112 662 1656 4325 3603 2141 4698 3779 3948 4445 2086 3569 1318 3548 2222 4483 1178 654 4236
4043 3645 4155 3067 4693 3491 1722 1802 2849 1091 3792 1325 1992 3727 2475 4836 230 1613 4794 4528
151 3038 4288 188 106 4401 1927 440 2919 1707 3241 2117 425 2692 2718 3417 3979 4112 1612 1811
151 2486 3414 1556 3686 2719 4113 390 2038 3686 3145 2439 3948 406 2310 4946 0 2770 4694 256
2179 1529 3666 2975 3938 836 4489 4904 2062 69 4601 2045 161 4218 4065 2367 2189 1345 3703 3358
2800 2398 3877 3791 3796 581 869 1514 2007 2302 3978 922 1991 1911 1657 1656 554 3823 1409 4976
1794 1453 2220 2011 2902 3992 2873 1318 4931 2194 2728 4479 1862 409 2737 612 1953 1240 1992 828
1030 425 155 4368 3223 4822 2778 2053 4714 4832 3932 662 255 4117 2718 3862 4256 3747 759 662
749 4613 3284 3680 1991 1168 545 1119 4086 3760 4636 4616 2140 290 3159 2093 3962 4479 4800 2472
459 544 174 1325 2108 3001 2532 3887 3003 2993 2305 4782 3547 4957 4956 454 4867 3179 796 1584
3042 3667 687 2896 1450 3567 922 4850 744 2702 544 4349 833 544 2134 1859 993 3577 4900 3787
2287 1100 656 488 3896 962 711 1056 917 949 3877 2187 298 4628 1008 4656 2092 488 39 64
1562 161 1421 4086 2317 4284 939 1450 4815 1718 687 3463 2197 2704 1628 1887 3305 3319 2790 3274
4821 2512 2567 2477 3039 397 715 239 1867 2067 3352 2986 3821 1749 4414 4400 3951 4357 1516 4316
4043 1785 4460 3563 1529 1576 3375 544 918 1721 3871 1953 1991 4223 2820 2015 3582 2386 3675 949
890 3079 1683 4874 1095 2449 4374 2330 2054 4796 74 4946 3934 2518 4086 4492 17 370 1625 2076
3636 4703 1300 488 4565 143 1218 4761 4431 1186 2953 3791 3408 4591 106 3491 2339 1111 2188 3525
4609 1038 4904 2736 136 1992 137 3102 1080 740 1234 4809 588 2858 60 3241 2566 4794 4592 1091
846 1811 2611 1447 1960 1030 3113 739 2461 4014 1714 3318 3935 3760 3675 1432 1978 3674 1514 3035
2397 1913 3416 1782 1428 1848 3469 2004 949 2736 1927 2514 4771 564 1067 4086 3401 624 385 4539
4763 2623 4370 4851 1902 3551 53 1424 4403 1474 447 867 3147 1576 2145 4974 536 3939 3787 4049
1240 2126 3493 3939 3367 4749 1835 1384 3985 999 2902 4752 1986 4484 1691 4245 2023 4333 3748 1057
1185 3422 4608 2481 2596 740 867 3686 4245 2697 4576 4851 2065 4600 3145 3275 2325 4123 1 600
462 3563 1761 398 2743 4858 3245 2513 3884 2725 2486 3625 3275 1217 3118 913 428 144 3310 929
1185 1763 4988 1060 29 1885 874 4712 131 397 4919 796 1084 3836 2197 1091 1043 291 512 2840
662 4088 3935 2894 1119 2367 1302 2150 4771 1529 679 1982 3117 2736 4086 3608 1367 2057 4086 571
3939 3451 4293 3405 1262 3939 2736 4656 4609 4412 1128 4473 2581 3790 3843 4459 3510 3179 2311 3703
2358 1785 2232 4047 1883 4254 4086 2726 2338 54 3107 1462 4256 2198 2267 2623 3948 4561 3564 1091
3204 3809 4259 3495 1557 2005 801 3027 2574 3262 2866 4315 1614 932 4757 4669 409 380 600 3524
1240 3145 872 3489 564 847 684 2934 1410 20 1654 3739 3376 60 4036 4566 686 1885 1244 1302
2576 664 2567 2310 2076 2865 4983 1879 662 1218 3451 823 4542 731 380 2138 1717 1212 4800 1700
684 581 2308 3262 1077 2697 73 2145 3120 878 3070 1930 1801 280 3177 2339 2733 488 1367 64
1881 305 4959 3728 1915 2597 476 4058 3401 1008 4526 2726 4923 484 54 3336 3157 1343 4388 4708
3354 334 2425 4794 1225 1749 4676 3657 1154 3719 4178 4946 2042 2187 2509 740 1535 4531 3667 515
624 2977 2403 4522 2944 2974 3685 261 3616 2514 483 1839 2912 4646 1811 4794 1396 2652 903 667
2374 2873 1698 1881 4416 4236 1404 2057 3241 1272 828 4192 3721 4632 2840 2602 4379 1719 3091 2842
4703 433 291 2750 3991 774 18 3051 996 2770 4627 1991 539 4514 2444 3675 617 4374 64 2202
747 471 847 123 877 4795 4989 3157 399 3691 1275 3430 3241 2061 852 2891 4990 4366 4086 3740
3981 4034 4337 3038 624 3775 4208 4595 471 1953 2234 2824 4545 4204 3985 4691 2598 1157 2984 1421
4622 2126 768 4325 2457 1178 564 2365 2336 2042 3548 4628 4562 2428 4601 406 2504 2347 4521 3790
4845 1202 2981 815 488 921 260 1309 1343 295 1232 166 1533 537 2093 4872 2493 3680 3309 161
4300 644 966 790 564 3855 3683 4086 1789 1129 74 3305 581 3147 4288 1422 3401 3520 2231 2790
679 1795 602 2574 4900 2444 143 3695 1173 3939 2346 1200 20 4303 3826 2057 2463 2503 29 2515
3621 2140 2278 3241 215 1262 3683 844 311 2977 4718 2016 1812 1447 3915 3354 3552 1164 1858 3778
4218 425 1812 107 4086 1276 275 1091 751 4912 2726 3179 401 1863 3916 4815 2306 3179 1144 520
4737 1596 4815 961 537 1244 1522 703 3180 2894 4472 2602 3241 4520 1511 3896 3651 2927 4042 1811
2280 2222 3075 2538 667 1614 4745 2568 2085 3667 3985 3703 488 607 1904 2197 2978 4562 64 1168
4400 1726 2342 3611 2865 744 4771 0 512 2628 3951 3179 3495 71 1343 4354 1214 2503 2799 435
687 3241 1549 3722 3241 1591 1573 4086 2844 4481 1325 2188 2656 819 2442 2490 3241 2558 2106 2470
2512 769 3790 2840 4936 360 3748 604 370 2397 3775 3106 1300 2757 4044 194 28 850 3595 913
3645 865 4800 1450 2770 2057 172 2567 2628 897 553 3823 3552 2001 2057 4088 3552 766 2790 3428
4164 4281 49 769 2106 2856 3680 763 3792 1084 4086 1094 3241 4366 1272 1794 1070 598 588 897
2801 2768 3377 3653 4283 2057 1347 1112 4353 3252 3928 2182 2554 3374 4164 401 3241 35 2652 1794
3012 4236 875 3189 4677 581 609 612 3209 2142 2222 1272 3927 2007 1240 1261 769 2305 3683 2305
4664 3125 3179 563 2120 664 2196 4858 3141 3621 2179 2057 1347 3252 2182 1614 719 703 1271 4086
607 847 3436 2865 1835 1707 1091 212 339 3737 4668 2211 1330 4894 731 2516 2334 4989 2342 2057
3105 2911 1113 3038 4514 1811 1811 2393 151 142 604 1811 3105 1942 2463 4245 1398 1239 2656 3947
3736 4562 2536 3680 2775 1010 143 3281 3869 3586 2222 4086 3530 1691 544 2033 3829 4233 1334 2057
