698 4562 4431 2567 4015 2056 1252 78 1006 2924 4095 1862 937 151 4119 1128 3939 3073 763 1245
3234 1950 765 4676 854 4792 3233 1676 4692 4550 2239 2056 564 4800 4919 783 617 2586 635 3297
3790 1657 3418 1429 4830 1442 3582 4266 1716 599 19 3935 4086 3871 4861 2507 3334 917 787 854
4164 4624 1881 581 1112 1144 2007 488 1511 1253 4070 3262 4357 1887 488 4525 1833 1953 985 890
2736 3275 4976 3456 4431 4815 3615 3272 1339 2859 1941 308 3921 2009 2543 4380 1640 513 1811 510
4794 2163 2222 539 4681 369 4815 1591 599 1233 1825 2972 897 2296 4469 4528 1119 615 3667 3563
821 3187 155 3675 2934 662 1379 199 2237 1909 2428 2308 2712 4904 3015 622 2346 750 3502 1073
1915 493 4601 938 2820 2146 1326 2725 929 1533 2685 636 401 1262 564 4379 3332 4086 4089 2820
2248 738 721 1650 2997 3939 2791 2562 1752 937 4586 2562 3140 3806 2381 841 560 1533 2820 600
3937 2170 2800 2742 3976 461 3245 2042 3581 2652 4735 1749 4278 1858 4800 2572 2742 998 3832 3309
991 2755 1811 2078 990 50 4400 1128 3401 4989 1597 2146 360 3474 3179 1200 476 2342 1666 836
860 3703 3038 1102 1383 1017 713 4208 2305 1949 1492 1 1753 3712 64 3726 4366 4281 4707 2820
1162 3042 1200 4271 2934 3049 3434 3804 1896 3988 3179 3394 581 401 3710 2374 2721 3367 2584 3592
1240 4240 3298 564 564 1170 4667 405 2800 4872 2521 2209 922 2801 2820 4448 3868 4992 3079 3079
4794 4327 3821 4968 3791 2741 3262 2542 2122 455 2725 398 488 1424 428 274 4562 2895 3128 1514
1157 3916 1125 3704 4794 4862 39 2479 1049 4174 4794 113 2551 488 2356 653 4178 1656 4643 64
1930 913 4086 4749 1977 1410 2866 1200 3933 1749 2057 1081 309 3626 590 255 2120 676 1447 3509
488 801 4431 3226 3939 3832 1147 2469 3116 1708 4562 1218 3226 4562 1218 1200 731 1909 2211 291
4332 603 1143 2032 2882 3617 2463 2463 3803 3328 3211 3809 4362 54 1653 3804 936 2048 2725 3568
2843 4754 1765 3680 679 2516 3248 401 4794 1258 4178 4657 3361 2443 4748 3079 131 1913 2623 987
2063 1058 4051 3478 4787 3939 1359 3121 2644 3747 3168 2486 1112 1976 1915 2331 1802 4815 2662 4214
2800 2535 1874 581 847 2913 73 3969 2254 534 1359 1293 635 121 878 1415 3607 4657 1833 405
93 2300 119 1597 505 4278 2930 4722 1615 2304 4132 1010 4794 1953 4288 664 425 2280 3664 1496
2576 73 677 4719 2918 3493 4815 3939 4763 2393 67 2708 19 1927 3451 1930 1597 844 3814 4107
1896 913 3179 2644 1262 3736 2934 131 1977 1538 4266 1988 488 2790 488 4578 172 1628 3476 1267
2280 204 3448 3572 79 672 4627 68 4415 2343 4790 556 2467 1864 1953 3847 3179 2644 255 2930
3937 1162 3241 4312 401 1833 205 4263 3098 2143 281 845 3370 4794 2943 1953 4107 2197 2087 4235
954 687 4164 2880 3248 1946 401 1162 3939 2542 4562 3939 1859 4991 3155 2670 2074 1612 2800 2838
754 3997 3924 207 3241 2997 4707 4451 2222 4739 3557 937 4333 3794 1913 3262 2442 3664 141 3357
1848 3078 4289 1267 2931 613 2509 2521 4550 4761 1447 796 3561 4922 2516 4752 175 769 1455 2202
4798 2385 3804 4054 1250 2222 4514 581 1853 4164 2327 4408 1765 111 4342 2308 3216 4872 3915 1410
2425 581 4316 1107 2567 2110 3451 1765 321 4874 2289 3551 1253 3257 3719 2711 1450 1278 3517 3790
1665 3448 2410 11 1811 4669 2211 4489 4841 2057 2934 2208 4484 2990 3238 2727 3110 3163 2637 3786
3140 2800 4416 3270 2800 234 1109 674 740 2374 2948 3396 2263 4178 1733 870 2222 4421 1579 800
3251 380 2655 2996 3979 722 4692 3077 3241 4832 2986 1828 4235 2567 3504 1834 1215 3179 2978 581
534 2444 883 2526 3939 4284 1977 4900 1312 3719 3451 1275 2287 812 528 1690 600 3403 4117 4892
596 1267 4496 575 892 3747 2042 3665 2199 1796 4365 2224 3948 2873 581 1094 545 4433 1517 3969
3422 2697 3305 1128 152 1109 3027 3939 3451 3907 1325 2542 1158 2721 1324 3916 2440 3748 4153 3714
4622 3311 3703 2363 1393 1038 4482 401 3703 2056 488 1948 3218 4281 79 4764 812 4794 863 3916
2455 1355 2232 2865 4350 1533 1953 3480 4086 1942 208 568 1549 4302 2831 2232 729 3535 2009 275
2280 3680 2480 2222 3154 4833 3074 2403 383 383 1305 1478 3809 1355 385 3832 1345 3679 2428 401
4281 143 3939 602 3552 2238 2191 769 465 2308 2442 2637 991 3680 1675 3241 2062 895 2175 3766
304 37 729 3405 3515 37 2486 4312 4316 2736 3179 662 2156 2927 2284 109 4522 2135 2337 2262
1802 1355 2850 1802 1496 442 4411 3034 2084 1783 4191 193 295 1181 4692 3253 199 1893 581 1916
1029 4957 3385 2676 2186 4060 197 387 4833 168 4706 2743 2542 1755 4414 2306 4045 3896 1084 2369
4218 602 4723 3719 713 477 1992 2790 4323 1749 397 3367 3922 2736 3275 4026 2222 3498 724 3719
3933 2833 4047 3207 2545 2170 1181 2385 1991 4158 3594 4600 564 4541 1953 71 4801 3916 575 230
890 3516 3472 1562 2260 143 2057 4821 3767 3736 3524 3676 4833 2115 3118 2331 1346 4208 3737 4333
4150 2222 209 3042 2521 321 4211 4086 289 3551 64 4798 3155 3939 2521 431 1633 593 624 204
1915 1810 4058 544 4349 2270 4200 3675 2822 1913 4301 1032 1029 2718 3298 397 581 4316 2078 2317
2728 2836 3262 3563 3287 1893 4403 2644 371 3939 2736 3698 3791 4431 1023 3903 294 4405 2473 3806
3844 1634 2155 3502 1930 409 1731 3904 3751 2584 4794 1405 2048 2559 4489 1343 3447 4358 4086 1492
143 1218 1339 2338 4337 4531 3695 1770 2638 2198 1811 4086 488 931 3680 1541 2611 3478 4327 2164
2378 4683 26 4801 3760 1811 2078 2866 1992 2755 601 1958 1032 209 3140 1367 1447 1218 73 4227
4004 3703 289 581 3241 3877 4169 3962 4233 2472 812 3358 1707 636 1811 3367 3501 3671 2600 619
3037 1992 161 2719 617 1181 245 2306 4316 3281 4038 382 2842 3585 618 3763 2910 3323 3275 3235
2584 413 111 4850 1859 1802 161 4297 3331 1418 1067 923 545 1112 2509 2428 4316 937 3131 3745
2179 860 2755 56 2366 3184 564 2188 3241 461 3232 425 1185 3042 4288 711 3275 2388 321 796
2057 1992 2106 3358 2627 4316 3515 3172 1913 4331 3218 2080 1121 918 1302 929 4633 497 2244 93
1185 3793 2566 387 4571 4872 3623 375 3179 3585 3563 3726 3792 4815 4350 2122 2280 4630 3690 2025
1101 2856 3680 2317 69 2017 4812 2170 3319 3932 3307 2439 617 617 3411 1384 2584 205 4818 1417
4703 4479 3790 495 1214 4923 1838 3697 3323 1387 2651 512 3292 918 4858 3384 1811 3241 2526 339
3005 2280 2963 4262 1533 1218 1830 2367 3992 3667 4712 2146 4448 786 73 1623 2057 4795 3113 3582
3821 3067 1004 3662 4993 73 850 2093 4086 4578 2749 3939 461 4437 4443 3493 903 2214 463 602
