221 3736 194 1244 1802 854 2532 2611 3017 143 3939 3794 3703 947 3298 3801 2222 3190 2826 1990
3517 3056 703 1127 2567 1578 1862 2604 1877 722 1614 1898 982 3113 3511 3978 1975 4049 3832 961
1508 3312 3179 844 1953 4804 3675 4321 747 4211 74 4550 2170 683 1802 7 1466 724 812 3492
2352 2755 3695 3719 472 1151 1877 4872 1903 1992 425 1613 4211 3932 3550 1450 2652 1731 3856 2985
1750 488 575 2516 581 261 1807 753 4815 4815 4815 3506 4794 3757 3796 1841 4850 1841 3528 1112
2247 2669 744 2057 3179 2033 1139 427 2346 702 1376 3793 4212 1013 1725 765 1869 2386 3370 3379
2296 593 931 1647 73 2497 92 2105 4763 2167 3504 724 2391 3922 3319 1326 406 2029 2146 3179
837 1438 3327 636 703 1529 3110 1947 1234 1262 2150 4300 4943 3803 4316 397 581 564 2181 3606
1240 1765 1614 4620 2140 3179 2146 847 425 4400 446 409 3220 2187 3463 1002 3414 73 2350 3525
2676 2042 2963 1269 4327 4798 406 2024 2649 1091 261 3121 4969 982 602 1447 3406 1464 4493 4454
2798 4094 4794 95 4596 4058 3890 2734 3939 1157 2025 4771 2488 4302 1131 2486 1930 4987 4227 1056
4063 4600 3461 602 918 2390 4195 4909 1814 602 4246 4299 4830 4245 2902 1459 3042 2704 654 1055
1112 3148 3569 27 4900 2840 2146 4213 2057 2801 1765 2475 1765 1835 3476 1267 2275 2284 3516 2895
3535 1157 2970 2122 2403 2993 3477 3017 4183 3153 2902 3655 3883 2930 506 2302 4169 2572 2945 4236
653 2057 161 2574 161 3195 2306 922 1038 733 913 3489 1019 534 2016 1450 1112 1249 4086 3942
3292 416 4656 4398 114 3703 636 1269 2792 294 4332 2850 3210 1218 2911 1707 3563 3506 858 3675
4197 2140 3790 1719 3201 1143 2352 4158 410 1864 2317 4371 4607 752 4217 518 4712 500 2670 3196
744 4989 188 3790 823 4270 4163 768 1198 4613 941 3733 4763 1548 1529 3813 106 662 3667 4990
2222 425 3686 2511 4753 2261 1349 4630 492 4562 1835 1162 1598 2721 1564 4256 4484 1339 3035 4743
1089 198 3017 4985 4571 2170 4756 4660 738 413 2897 4718 911 883 1623 2820 1953 719 93 3461
2801 4889 2057 3992 1218 1203 2222 3978 3667 409 1946 581 401 3228 493 581 4316 29 1218 2338
3140 3983 1992 591 4634 1767 2727 828 1871 4379 267 4245 3267 330 3593 4865 1054 3951 77 537
3208 4408 3899 722 3939 2208 2083 1990 269 4297 2628 493 581 4514 983 1536 1525 2033 2299 2093
3498 2056 1357 375 678 3196 994 1828 521 401 289 1096 397 3856 458 4841 3733 401 970 4158
1089 3619 4692 401 2057 401 2360 475 2103 4794 1781 1483 2044 2727 906 3370 3791 4767 2656 4236
4408 806 1514 581 564 1796 3939 4431 3626 289 0 4073 291 2222 4677 4169 3367 2711 850 667
852 1203 2554 4794 1199 1807 3873 360 2280 1107 4039 3376 1734 74 4746 1927 4750 2074 1050 3551
897 1231 581 824 3241 1814 769 1013 4086 1372 406 2379 1953 199 98 4660 2231 186 77 858
151 3452 1913 2285 2790 3717 685 2461 2222 3680 1298 1614 3157 3106 3241 1802 2567 316 4316 4744
2608 1076 560 4533 1765 3563 1522 4912 1410 2790 4323 698 3229 3181 3683 289 4832 980 636 1726
3140 1157 74 3703 2367 161 2565 2498 3241 4312 4416 1774 4772 2380 1570 684 19 3922 3430 401
3906 2265 4388 1948 1447 3547 599 3332 345 397 2 4952 1617 2951 2232 2644 3939 3909 1689 3869
3645 4514 1459 4280 2701 929 1173 1267 4538 3499 3168 3926 319 683 234 3574 3661 1161 3475 1413
2726 49 3985 4440 3592 1460 3689 1956 635 4550 1749 3594 3525 4804 1671 2725 4380 4145 2476 3921
2576 2615 3179 1453 3563 1953 2867 1183 2576 1315 922 1234 2645 740 4126 2188 3983 1879 4333 2186
55 3270 261 2865 2521 683 4904 3043 4677 4137 3297 2306 3051 2388 623 1552 3179 2865 4815 2956
3358 851 1038 2914 1967 617 3898 3869 4792 3445 316 2894 77 3939 1978 2644 4316 3060 3418 2580
3939 918 4815 3241 3305 3020 2330 1888 3604 2142 1299 1882 741 3241 4710 2163 3320 4832 3179 3241
2085 3195 4086 111 3939 1343 854 3932 1811 610 2739 3239 617 649 4794 1953 4333 3370 683 4405
4794 4224 4266 2644 969 4284 2222 1033 3760 2803 4735 290 4804 3256 2708 4989 4509 3820 564 3147
2913 2363 2126 1666 3563 793 3374 4769 1749 2567 4600 1096 2628 4281 715 892 2557 3939 2386 2222
2711 4526 144 4749 3877 3121 754 3011 3587 2567 455 890 3382 3524 4208 4900 2612 918 247 1883
3241 2169 1190 1272 634 3356 2307 3974 3480 3525 397 1533 4737 3965 4208 613 1300 2057 561 247
325 214 788 2415 4636 4851 4635 2223 4794 2198 3015 2325 2486 1216 3661 2057 2150 1657 2932 4541
488 653 3323 3401 581 1869 1330 3179 3241 4795 1992 1782 3026 4475 1044 2219 443 3241 694 3790
2033 1302 4815 3455 101 1200 1242 1947 4458 1818 4658 917 4107 3675 820 1658 2666 796 2670 3885
1236 4527 4158 2347 2454 3585 2656 1548 1992 4631 722 2009 1476 740 3507 274 886 581 847 899
4443 4858 3241 215 1008 2835 598 3633 4278 59 1312 2911 1393 330 2750 4749 1785 3404 370 3315
2576 291 1983 1779 4456 1856 3939 1256 1347 282 1200 1200 4249 333 4310 3568 4713 2469 4073 2030
4227 1218 4086 4735 4086 309 307 1075 2393 3645 2981 1197 2188 1763 2135 3241 4990 2679 1715 247
2669 4872 4004 3703 1881 2211 617 1992 2511 2106 3550 3418 1614 2197 3667 1157 1351 1087 2780 4245
2027 3044 1381 751 150 144 4787 2576 3685 740 488 2195 161 3367 3031 4563 4316 4872 4560 3241
2287 917 415 2083 923 2057 3922 2790 3683 1514 1802 2885 3163 4392 859 1953 4333 382 1435 4479
223 2535 2982 505 2311 2065 4366 917 927 3204 1262 2033 1061 2580 913 4815 3962 2334 406 895
991 3106 2532 3871 3736 1300 3746 4486 275 1325 4050 4391 1529 2169 3798 3424 1698 2849 879 2093
2115 3602 2444 2553 617 1765 1269 436 4608 631 25 3835 2670 3672 73 1170 2393 1059 3985 4443
590 1247 463 575 3056 3831 1239 1859 2676 2894 1056 2250 2670 4968 968 2516 4794 3032 754 42
172 2559 3566 1450 724 186 283 71 2514 2911 2726 1520 3820 4163 4897 2820 3814 2164 3794 854
3689 4094 719 445 1993 1909 4411 2038 1663 339 2033 3179 3179 1878 4283 2308 3370 3744 3582 3750
3358 3292 2311 11 2140 1987 2512 2778 1763 4802 2565 4898 1374 600 1113 2286 4058 3675 1464 3664
4026 769 1915 3981 2561 932 4533 638 471 4562 564 399 4900 3241 2574 4304 4325 331 945 688
4963 662 3972 4414 1992 4086 1865 72 3704 4164 2567 1081 2930 4640 3965 2902 3046 617 387 1482
151 796 240 401 1885 385 2644 4737 3983 1109 257 4676 4479 4528 4520 1010 3877 2209 1983 581
2896 1123 305 1802 1236 2486 3367 823 840 1590 3043 2106 4405 3877 782 732 4660 2644 3275 1192
