4561 3095 4297 4227 2217 2222 1032 174 1934 1371 1459 2516 1364 602 1091 113 307 3570 1334 1656
1240 1992 2032 4183 3617 2567 2417 890 2296 1707 2670 1811 1731 3962 1854 2057 3179 4561 3668 1001
2115 686 113 1811 2814 394 3924 4862 3930 4484 2360 4088 2524 2509 2521 1129 3575 1913 3233 1731
890 4592 2567 674 3683 890 1679 1177 4374 544 50 612 676 3303 1090 2299 1957 3533 3387 3820
151 4657 1095 2367 289 1200 1447 3234 749 3370 4794 79 1898 4601 1525 4533 878 2865 1835 1258
3877 4563 4022 2922 3374 2164 3779 3916 754 3790 3939 3787 2674 1114 1291 3525 155 4316 2222 4550
4859 3567 1562 813 3916 3804 3008 3861 3853 1312 864 1656 1359 1729 2725 3939 525 241 4541 1438
1059 465 1557 3177 1533 4897 2441 390 2804 2651 4992 1095 2711 2511 3983 401 1557 4093 4550 2671
1240 1520 4550 754 2033 3667 2543 4833 425 4533 2574 1203 425 3574 360 93 2626 25 1102 777
4610 3652 1424 1590 360 724 1943 52 4441 1161 2339 1155 4327 50 3140 1049 397 4862 4611 2785
2755 2812 2222 3745 3873 2268 3066 3367 425 602 77 1464 290 3939 2567 2736 4246 1914 2338 3688
747 73 2762 2442 1345 1772 3608 401 4112 2338 2469 4479 1992 1652 4755 2347 3075 892 123 3796
4400 123 401 460 4517 4790 2042 787 2652 2020 3115 3582 4169 2726 1999 545 1449 1614 3241 4540
3201 2332 1166 1349 1408 2042 1782 870 2424 2030 2653 401 1011 602 3856 2955 0 2093 3939 4022
4021 233 2437 1067 4338 876 73 460 4086 113 581 3401 3939 2567 2538 4256 2781 2873 1541 113
4554 4159 4788 1261 1421 4691 1885 4540 2062 4794 3935 1305 2511 1095 4794 1953 4900 1200 400 3737
979 4053 581 4708 3525 4539 3747 188 1707 804 35 3394 2818 1646 4137 4645 840 488 3728 3871
1502 846 2913 581 425 3021 3370 1036 786 2915 2078 3823 4316 662 728 968 3984 2817 4289 676
2730 289 3551 1765 3680 3241 4028 3521 4235 890 844 1435 525 1794 0 991 2367 2134 2818 397
738 127 4801 3703 4316 4477 3179 4351 3525 4603 982 3884 2981 581 401 283 1676 2372 534 3809
4815 4609 1032 4379 3742 341 4825 2160 458 1295 2476 664 3179 2948 1913 1960 1403 1414 2530 4663
2801 1765 2413 4578 624 4691 29 1942 2393 4748 1714 2516 581 2567 2030 4561 362 1748 1432 4572
1447 922 163 4088 754 2567 1962 3629 1331 1350 2504 2062 1992 4557 106 184 1019 521 4359 2988
3939 4325 2669 256 2267 3298 474 604 4086 4541 3787 1217 2222 401 2463 3151 2551 1930 3563 3856
2781 4420 564 740 2374 279 137 1112 3778 291 123 2486 2676 221 2117 2993 291 385 581 2033
2937 545 2486 564 1447 4763 3358 428 3434 913 1625 3778 1180 3517 1171 1833 1947 2835 545 1674
4795 3131 1032 1013 3959 2009 135 1623 1514 980 3489 852 4038 2736 2170 3489 4086 74 3358 2628
3645 2342 1008 4459 223 545 2384 3530 2211 4058 970 3401 3696 1781 2135 3722 1444 3179 1736 681
1240 2429 4316 1218 2065 1090 678 2725 2935 3879 3959 1421 887 4653 1953 4419 64 487 1375 390
493 3090 564 3266 4135 3489 796 2444 1776 155 1878 3528 3319 3311 3714 4421 2380 1218 3357 139
3939 4333 1865 680 1707 2820 1811 4472 4259 729 4509 3747 3075 3369 3644 2521 4302 3675 4848 3962
534 913 564 3241 513 3790 1692 3843 106 740 438 306 4815 69 2125 3614 2441 2679 3509 840
3538 4687 15 3241 3439 1976 1439 4615 4214 2554 289 3794 1625 2728 4992 4488 291 4607 3790 1135
1185 4236 581 2033 4533 3778 759 371 1827 2558 4919 1216 2411 3177 4969 1581 4890 530 1597 4514
1946 2795 2566 4129 4646 545 397 1849 1112 4822 2651 4089 4917 852 460 1379 3117 784 1835 4152
2457 3474 2598 4644 4815 2037 4919 4382 3877 4480 4576 3515 3847 3241 2865 679 3832 1091 4287 2056
4800 812 941 1978 4850 722 1095 4416 312 2271 3172 1113 1161 2330 820 4245 4058 2319 3703 3344
2200 1814 1848 4475 2736 493 1838 240 850 3686 259 2676 1960 1343 4423 573 2911 315 409 289
1323 3703 564 3939 4983 2487 840 1811 4816 184 2016 25 883 3830 4768 4831 4520 3939 3055 2572
3939 4562 3091 3831 3569 3102 401 2502 4428 20 551 824 1196 4086 4936 29 1251 4533 2885 619
430 2861 4833 4484 3241 2146 4320 2057 1425 3205 3044 3794 4979 423 3608 617 2957 2112 4617 3461
3358 2200 4817 3882 844 2374 2261 2997 1006 3241 4484 1953 2373 409 918 4800 4557 1992 4280 309
852 2785 3280 1533 4974 1231 4771 4723 4815 2562 3370 2428 3217 233 812 926 1541 460 883 304
4311 594 2871 844 738 2222 1537 2142 1240 1570 2047 2026 199 1116 3101 2205 3531 4798 4431 2317
4801 3845 4212 617 2171 18 1539 1003 3159 1112 3778 1661 2894 1496 4710 3432 1200 4481 825 234
3939 609 4327 4722 1095 2200 1866 461 4634 2943 2820 488 2799 2620 4968 3563 3946 4680 1218 4479
2896 4992 3853 3883 2930 1094 4047 4948 3954 2719 3767 2682 4482 1153 1894 1862 3159 3790 3223 4606
3042 3422 2790 3070 4795 1815 1535 3527 3667 545 401 4106 812 1922 2905 1300 624 3524 2411 4544
194 534 1603 2805 3367 3052 2543 84 4554 3546 1384 1302 2057 2567 209 277 3056 460 3614 3199
1417 1396 581 3889 4655 4669 4815 4794 1315 4398 1503 281 1737 3809 2393 3056 1476 602 2668 4968
922 2187 2496 3804 3804 2620 3691 1262 4710 1570 4483 4004 1913 409 1687 1715 4155 4795 412 3307
2781 2692 4813 3367 2868 3864 825 3038 2532 4616 3790 3428 2491 447 3070 4163 4667 4752 1779 1928
3358 2596 1502 968 4163 3601 1119 3667 3601 4907 316 2847 2242 2413 260 993 812 3021 4086 3196
3043 64 688 985 3199 2296 2963 4691 505 3234 2056 1496 567 2186 3932 4350 1576 11 4483 4342
3985 1112 1270 3390 756 1890 2076 3824 581 1288 3147 1429 4086 4525 2662 4058 2881 3275 1909 3327
2902 1008 998 3790 1614 406 3790 662 2554 2566 4414 4366 2509 667 1749 488 113 1077 264 1839
2865 4562 3091 1520 4388 1464 3500 1807 3241 1754 2753 2970 932 4398 934 2272 581 3691 1838 4734
1722 2824 378 4245 3790 1113 1883 1028 2914 2512 2820 2779 493 427 252 132 4189 3847 4835 4500
854 4288 1200 3450 2900 4152 1957 4297 687 4872 1341 3675 390 105 4985 201 769 2742 2428 2656
3380 869 339 1464 728 493 556 890 4652 1170 2350 3414 182 3187 564 2033 2339 3922 4137 234
4058 1447 3523 2401 2997 4401 1272 2801 2651 769 1802 2033 3582 771 2785 219 4754 2676 4397 4133
1162 1157 2918 564 4989 1982 4388 230 2060 1614 703 4866 859 153 3001 25 545 3791 3336 4938
1623 4600 3001 172 1112 2200 1721 3832 653 752 2388 2041 1181 1081 4026 634 3370 4236 4562 4328
2811 3078 4220 153 1244 889 783 4086 2443 1758 1953 2187 2833 3241 4680 4357 390 2551 401 281
