4296 1724 4444 3489 2057 1445 2083 3240 2777 29 647 4280 2981 763 3792 3813 3145 155 2515 4222
2913 4333 4533 3284 3675 2299 4288 3790 3790 3387 4808 29 4968 2526 4938 3793 1603 2279 1496 4604
3801 4486 604 922 4288 4289 1628 1532 2953 2692 144 545 4749 3297 2287 564 1307 2576 4514 2211
488 488 581 3536 3856 3543 3751 2770 2750 1514 3297 1713 3683 3489 4302 1566 2701 406 3683 2820
580 1141 413 3379 3703 4086 2418 455 2840 531 3922 4798 4985 4636 4125 2219 1715 3740 2462 4681
4187 1076 199 387 3690 3179 3317 137 29 3153 1080 77 703 4302 1625 1112 4289 1029 2912 4245
3790 1690 41 2651 3275 488 2307 2746 4857 982 4440 2567 2467 3832 2346 161 73 4414 2140 3241
3804 2140 425 1536 4992 174 106 4783 2285 2888 3818 1343 1614 255 1483 3546 3569 2463 4086 2780
662 2816 2708 497 3524 4086 3877 325 4086 3725 3017 4246 4566 3187 3478 3370 1048 1830 260 662
1896 4691 644 581 2566 4970 3358 4158 2509 2346 3683 3179 4771 3296 1067 4794 3196 1546 424 3401
4748 3680 721 3993 161 3292 3036 4550 3547 1811 3790 2481 1988 4718 1279 4794 1953 4599 2750 2486
2602 2486 3038 194 945 2243 2800 1460 2199 1315 4985 3474 4006 3102 2734 854 1623 671 2076 1511
3937 488 1321 2463 3511 1528 4987 143 2102 2991 4657 3204 1176 4732 2894 2232 3731 2439 3568 2013
3645 2774 777 2057 2981 37 149 4466 2179 1665 3241 3390 1174 670 310 4214 3416 3787 245 3825
4703 2064 3877 3893 4787 1326 4794 2762 136 4484 844 968 3462 4002 4718 773 4391 400 3922 1343
3140 4691 1765 679 1625 3306 1862 3179 3459 2126 362 3234 883 3430 4416 2034 2057 4284 545 581
3645 1302 455 3401 679 3820 1511 3536 3247 4531 1678 2504 3698 3294 1234 4333 1800 3358 2290 2586
1863 787 2261 123 581 2841 1075 256 3517 3303 4508 2083 1849 3971 2628 1339 1833 2363 4288 1867
2355 2287 836 1781 1737 3794 0 233 1421 852 861 3370 788 3939 719 4119 2057 230 2346 4704
2811 4645 4691 4820 2965 759 2838 2521 1811 2346 4771 11 1731 3367 18 2515 2656 380 4836 1080
653 3762 823 3674 3247 3535 1086 3806 2126 2894 890 1375 1982 172 1075 4524 1864 173 907 564
3233 662 3725 653 2676 2149 581 3787 968 3117 4357 3204 844 4904 3499 1675 2911 4691 2725 412
398 4468 2669 4484 1091 968 3582 463 335 1464 1650 131 1434 4333 1091 2439 283 1371 1421 2692
235 2057 1953 1734 3338 406 4392 3877 373 2488 940 4256 2386 3204 1533 2861 3227 2997 2269 4195
2732 394 3948 123 980 1525 4994 4800 4401 2280 3067 230 1631 4818 2736 111 1721 859 4038 2969
2287 3734 1949 2708 2122 2516 3447 2170 2126 2701 406 4981 3241 2306 2278 3095 617 274 4357 2045
1424 980 3241 4800 2956 823 3790 4900 3675 3234 2946 1112 1376 2811 3078 2231 1606 4877 4484 805
4609 1998 3746 4691 2882 0 4245 2880 2757 4223 2861 3673 3179 4086 431 3102 2637 624 3551 1202
1396 1598 474 985 2742 581 796 4744 913 3489 3787 3923 123 3609 4632 153 808 3591 968 602
2280 247 1285 3311 2509 3829 3393 529 501 1814 321 1833 1321 4794 2466 1202 3179 1262 3685 4188
3441 3663 2477 4046 2516 1709 1838 3550 2198 3678 3856 2909 4887 1181 2996 624 1095 2142 77 40
890 2584 533 504 4075 4853 1927 4772 1580 1285 1315 2164 4431 2538 4608 657 3616 1447 4691 4038
2455 4691 796 2719 4022 230 1776 4390 2676 77 3624 4483 2078 1296 2515 3084 3856 4526 3038 2958
79 4691 3791 4818 731 3149 242 3869 3670 3234 3727 3536 3113 1106 1835 1747 1628 3829 138 4815
4609 3241 3241 859 2268 4989 4546 715 1450 2092 1413 4021 4771 3832 2567 3716 4350 3662 3179 4267
3628 362 3535 4029 2902 3472 406 3675 2347 1381 3032 2491 4624 3676 754 602 522 291 1777 3747
1915 3561 896 219 1325 1116 161 4338 1625 669 801 3552 4254 3614 4438 1913 991 636 1978 3241
1915 4894 2367 1262 740 1904 3951 3179 488 4874 3522 3569 3499 3139 4544 4884 184 4028 1229 1992
1240 385 4560 1854 3057 71 4169 2820 2332 3177 3179 4366 3703 2767 3877 1967 2023 1731 2656 4656
3179 1200 2832 4377 4431 377 3241 1496 848 4890 2259 1100 2865 1514 2411 1376 3303 940 197 1716
3140 190 3241 2217 2865 2308 493 2592 740 3117 260 3645 1376 114 2934 890 3041 3877 1548 261
3821 3305 2665 1875 3719 4050 854 2880 2861 3733 2928 358 2725 172 1625 2997 683 4743 185 1690
1902 965 2867 1035 2438 3319 3027 2719 2227 3179 2082 564 1634 3552 120 877 4743 2893 2475 455
3570 527 463 2280 3106 2146 3179 3154 2934 233 740 1802 3147 3003 1539 4561 3241 4800 2439 280
1863 4842 3665 4350 644 1893 1287 1454 1992 2542 581 883 195 401 3079 4026 4737 4832 401 770
3663 3588 4456 3586 2442 2911 2526 897 2644 60 753 2186 1996 3416 3517 1734 1413 758 1457 4514
3299 3737 3319 4484 2444 4521 1218 1413 3775 3179 3179 193 4301 2865 2033 1371 1752 1992 3317 4749
4043 289 1307 3927 2924 2367 1343 564 3515 4125 982 3939 2461 37 1628 4518 3586 2222 4339 852
3241 4281 1324 306 581 1614 4620 2801 3148 687 2248 2964 4798 2566 3853 1181 2660 740 1661 3736
1292 917 2742 73 1212 2791 3086 2865 1376 579 1880 1625 4146 2798 3103 775 3725 1548 3110 1272
1236 676 2591 3768 2895 4141 3525 58 2462 2778 2428 2219 1985 3369 3898 4086 564 1476 2515 1855
2714 919 3162 3140 531 3675 3179 1497 143 1218 3686 2692 3042 1529 4795 4858 4125 2969 3688 2739
3937 2718 4146 4371 1125 398 409 2656 1395 3675 4169 4169 2009 2037 2567 2834 3695 664 3044 4086
488 581 1890 870 4904 1218 1811 2167 2840 1811 3158 3078 4333 2574 3680 1830 4133 234 1287 3997
3760 4278 4872 596 3916 4800 3725 1721 2347 1614 2056 3747 1814 1081 4561 1796 3241 306 3747 564
4204 1612 3179 3942 371 859 238 73 1677 2136 890 3831 1080 2347 2033 2304 3809 3691 1804 1807
1654 4385 2255 3177 4723 3591 1726 2993 2393 4086 4500 3241 775 161 3916 833 1017 3939 3899 3451
3463 1392 2880 1656 2676 3196 1646 3939 401 2503 3683 1319 1958 488 4801 1054 111 3326 2501 1119
167 2510 4350 602 3956 2812 2644 2752 2346 2327 2286 1908 1557 3582 4245 2363 3871 4837 1533 3809
1240 3675 488 2374 3696 1625 4858 4112 3129 545 664 1080 2313 1396 3517 4448 828 3557 4133 1326
4987 4854 2774 106 3675 2562 2416 4794 123 1404 821 2861 1681 4350 2598 3070 674 3179 4017 1858
3645 2463 3038 2217 3516 2308 2115 2651 37 3394 4158 2062 1883 4513 4245 4245 599 365 2232 4473
3699 4227 4794 1477 4155 2463 2763 2271 2147 2542 3701 836 132 3017 1393 2211 1442 1913 1203 1633
1080 594 917 2602 501 3241 1749 1833 3384 2725 525 1323 144 1943 3794 2397 2317 54 2584 4749
