462 2896 2652 3806 3147 1779 840 2242 3560 2811 3424 2279 850 1112 4712 2612 4771 4316 2311 922
4543 922 769 4321 2993 3635 2308 638 2451 1749 4520 2338 64 653 37 4592 3750 3667 4691 4735
1155 3489 3686 968 1407 10 1656 3416 2727 849 123 4483 3179 3478 4607 2438 2779 636 4183 581
2913 2198 1942 4904 3430 174 4333 3084 653 3 1392 4769 1658 2332 875 3422 2645 3506 251 2030
2280 1722 4366 1990 749 4333 3791 3064 3685 1676 3177 3922 213 4794 4300 1691 1908 3942 424 4930
711 3090 2638 3450 2984 2468 1192 545 106 4053 493 1598 2259 1218 3563 3726 1355 4005 3574 3248
913 1251 3489 2567 74 4493 3305 3710 2831 3745 4775 4379 3736 1253 3315 581 19 3217 3596 722
4831 401 3517 4338 4895 231 401 3744 1355 4822 3877 4374 544 980 3927 3107 879 3967 4733 2662
4604 4242 4397 146 4691 174 3530 3042 2197 29 4474 2062 4781 2695 4528 305 1953 2217 1990 2093
4178 3916 2957 4541 3939 633 683 3831 4692 1908 3677 3680 3697 779 123 1920 4900 1450 922 1234
1236 847 3227 1424 3268 3584 1927 2700 564 2432 4887 795 3583 4388 1038 309 1755 1326 4182 597
3939 1450 4163 784 409 1623 1143 3450 633 4510 2670 2750 4676 581 3938 1533 4391 1824 2856 1951
1029 493 2106 3651 2117 1882 2656 4919 1192 1323 384 653 2526 1185 792 1585 4247 1056 633 2770
4639 1085 2566 3252 800 4775 4600 745 2057 1307 4595 4522 233 869 651 2656 3588 4565 455 715
2033 3201 3265 137 2644 1863 2486 1863 4795 2146 678 1379 4800 3489 2831 61 1200 2598 740 4557
2753 1318 2140 985 4264 135 691 2865 4011 640 3198 4266 3885 1112 3247 1937 3095 1008 3535 1450
2187 3368 4576 1574 4350 1232 2422 1953 424 3922 2652 4155 1033 488 1013 2442 0 703 1178 2770
1611 564 4366 2287 1580 3408 4832 1492 2746 2566 49 2068 4214 3962 2865 409 4231 1275 3405 1029
2944 788 4401 3106 4235 3241 662 4887 281 3697 1305 1520 3954 1343 2838 238 1913 1218 4680 3241
2991 2511 1525 3428 291 4887 3179 4889 1666 2450 3887 3563 3107 4884 3638 2271 2146 3649 3021 2187
3380 4798 3680 4371 2974 95 256 4526 3181 544 653 4035 840 200 4245 4743 1533 1435 3683 29
683 4887 417 1953 529 2469 2877 842 347 1372 2231 2782 1920 4827 4853 1977 3367 401 1242 2516
1915 1226 2470 2259 3067 1447 2320 445 724 3526 3412 2393 463 1218 1811 1218 2627 2676 4967 1185
3099 4523 3289 3217 4815 551 3516 3424 1126 2755 1429 1365 4571 867 1305 3953 201 2262 2877 2671
409 4334 335 2934 2824 3791 2308 4794 4231 936 1393 1343 672 878 3631 413 581 3904 493 839
3011 4632 4316 2244 3179 2831 1649 1666 4919 4227 3790 883 4446 425 1051 1812 3275 4533 1174 4832
1623 4377 3525 2264 2782 3677 1128 3772 3348 4983 1447 2652 2378 2876 1112 3703 4374 1666 828 3100
1915 4514 1810 3349 207 3270 4195 424 3358 4800 1621 1579 4571 3382 4086 1992 3348 3731 4653 2120
3939 3763 3985 3385 4479 2287 1313 4439 215 551 3589 1591 3563 4288 985 3298 1447 321 151 1896
1935 2084 1811 2600 2515 2399 295 1992 409 3882 4438 1763 2695 248 2286 3297 4393 3773 2880 1218
2676 2093 846 2278 3216 897 1904 279 2943 207 1212 2567 3248 3595 4691 534 3877 3042 1625 4102
3527 2623 2342 2737 4060 2134 3509 4797 3301 4469 1415 1533 1128 2782 4262 4983 2791 2238 3877 1737
3939 3179 3241 2770 3563 2406 1423 823 3790 313 1598 3832 2054 2697 3233 4489 636 2665 3306 2799
438 2294 2458 3600 3698 854 2856 2637 3367 2948 1350 3306 2339 498 3545 4311 3563 3726 3336 4469
3571 4884 4884 4691 3528 1871 4528 2444 1721 198 859 1678 2584 359 3639 25 1396 4563 4158 4415
3319 270 866 1144 564 717 4350 4667 3247 538 2516 2308 1250 493 731 4514 3180 2083 4900 1200
1731 4021 2775 529 3149 4339 2511 3884 2861 928 2728 1329 3154 468 4794 4628 3241 2486 726 945
1535 3114 4557 4815 953 4360 3537 2085 3241 1203 3628 4316 4112 4691 406 3675 3241 2834 3292 2652
1436 172 2750 580 512 132 1531 2911 3220 2567 997 3176 2595 1992 812 1628 3442 4351 3179 2914
1915 3725 544 545 1170 1155 1325 3680 1446 770 3669 4827 4719 3704 0 2286 3747 2652 3179 3615
1915 544 556 3585 1830 4923 1323 1819 2057 4531 3303 1366 605 3383 4768 4974 2850 4278 4872 613
4964 4919 4558 3773 121 2232 3376 1714 2542 4486 4139 3180 1529 1940 822 944 1878 801 4431 671
2753 3361 3190 4858 3248 4800 2956 2226 2521 3101 4076 4086 3569 796 2912 812 1089 4737 2307 3775
1162 1645 4302 662 3463 3389 1907 3714 1305 2216 39 2057 290 275 913 3791 3112 2146 3524 1628
2875 343 1404 3325 488 581 4416 4220 1576 3585 2697 3474 590 2719 4639 844 683 276 3547 2649
890 1355 698 980 4514 3148 4899 4378 2934 3323 653 4980 3939 4550 3350 3372 2963 1930 4280 968
784 2140 1591 3461 3277 2067 2089 501 2986 1953 4107 4283 1533 4214 3740 1785 3675 4969 2346 3275
4400 151 633 3703 1765 3680 377 2486 4280 406 912 2736 2993 609 1940 529 115 3311 752 1095
3939 654 1523 2311 715 2768 3117 4676 3875 3750 4135 4811 1765 37 4761 2338 3791 3165 3686 918
4393 4286 4678 4711 1557 3001 1848 3748 3275 465 4815 1837 28 7 792 4804 4677 165 922 1607
1915 2831 385 749 3478 2895 897 4730 4887 291 2041 74 3358 488 2280 3680 4677 1105 1841 1169
2875 4225 1597 3401 4484 2782 3675 3645 1913 3667 3727 3280 4169 3234 37 3831 2386 2116 1603 2120
4664 922 4054 385 2742 230 144 2848 3979 2217 4565 308 4316 4060 4307 2269 3680 425 2441 73
2811 4794 3061 1292 1948 1930 2287 1913 4369 1958 4421 1443 30 4380 2855 968 3420 409 1940 4894
3102 496 2894 19 2554 3060 1605 724 2413 4325 4289 1532 1161 1302 4991 2369 409 1443 828 3324
3294 4595 2308 3875 4652 3017 3375 1153 961 840 1417 2463 1887 3776 4676 2930 4358 1722 4236 1991
4043 209 1885 186 2585 4867 1049 1903 581 401 891 1883 2365 982 3048 3497 197 488 4815 330
2816 3370 2438 2388 4350 527 4989 4278 3906 2346 1625 3893 3848 636 1927 3066 2120 4782 336 4033
4443 2222 1266 3463 609 1646 2220 3196 2719 4968 7 3830 274 1178 1980 3790 271 3727 1985 3389
2063 512 962 724 3411 454 151 4086 968 4877 4094 3253 3536 1564 1478 4284 34 3790 752 2057
2140 1909 425 409 3566 1112 1879 897 4131 2310 1708 3179 4832 3877 551 401 1281 437 1330 136
3939 1842 2305 3686 636 397 4988 1630 3994 2167 2337 4310 2105 3764 883 2289 4832 1476 4815 4618
3686 949 4652 854 3550 311 3787 208 2294 3690 3922 3280 1581 11 2179 956 3685 3898 3790 271
4361 1252 1475 4409 2856 3675 1048 3021 3241 564 2901 2275 4126 3257 2222 4283 624 1371 2179 3508
