2287 1144 2779 192 2865 1278 545 1235 4548 3725 4176 3404 662 2766 3594 636 3675 1862 1258 2470
2628 581 664 556 3841 4416 866 3814 1528 3839 64 4169 4531 1445 2602 4989 1200 3059 3370 3775
4169 1986 2311 1726 3832 1906 4254 28 2651 847 2952 4405 1111 3145 3075 719 4164 4531 1173 1464
1089 3102 544 581 425 2588 4691 4454 1089 564 2566 2009 2993 545 4158 3241 3404 4380 766 488
4815 4248 999 1 3358 1833 1241 3832 3916 796 261 2865 2561 3790 3790 4618 2179 2975 111 872
3887 2142 3585 1089 1288 3535 2460 4207 3138 3275 4086 3939 4743 4391 1389 1136 2238 3681 2056 1250
2809 3472 644 3675 2217 4112 4405 2566 1969 470 406 2145 275 2930 2812 1091 406 1721 1633 4218
798 4486 3145 4853 3422 3484 3864 2725 4095 2725 1331 115 4980 2683 3038 3932 4005 4170 409 2849
3939 2576 4818 2222 2785 4066 4681 3793 4475 2757 3939 1765 4681 2895 2065 1342 144 4858 135 3872
4141 4661 2164 113 214 3680 3535 4366 2140 2843 4989 4636 564 3909 917 203 4681 3535 1242 621
3712 4562 3147 4872 3518 3153 3369 1113 3922 1144 2583 375 2511 3787 4815 313 3405 55 2367 2895
2205 4021 330 2317 968 11 2782 4119 1859 2619 3217 488 2196 1325 581 3017 4800 756 3962 3875
4373 3241 3736 2617 4401 3796 4316 2056 3241 3696 950 1477 2425 1306 4003 917 2032 394 1980 1496
1185 3248 2902 2140 624 4951 1978 123 3168 1776 1684 3747 1862 1985 3737 401 726 4899 3184 4342
23 2117 4292 2542 2352 2721 2674 2756 3764 1483 3896 53 3683 4377 623 4028 3333 205 1929 2346
1883 1409 4988 1630 680 3685 3675 2713 2106 1623 4006 3697 3636 4815 1737 3517 4982 4058 812 4236
3962 2057 4350 1400 123 1814 2516 581 77 1440 3675 2470 2338 3714 194 2542 4366 2669 4068 4349
1877 4086 341 3320 2070 2946 3765 455 1350 2414 1598 4616 1731 1001 289 3185 581 4628 161 2418
1931 4169 2115 3367 1802 4366 3190 1815 2958 674 398 384 2691 1576 503 3561 4463 982 4710 3899
1162 3241 4691 3528 1172 3489 4267 2186 3875 2672 1166 3585 4240 3241 653 3177 3179 401 488 1270
2439 4836 4572 683 3791 69 1830 2880 4691 2566 1094 4919 3319 482 2045 2393 4639 3747 3091 561
285 4592 825 74 2668 1522 3248 3709 2670 3306 4900 4541 406 2778 3809 1262 3935 2211 2391 1953
29 4086 2461 3608 3179 4744 401 2360 869 2722 4169 771 3029 1992 3985 1408 1731 4556 3003 4280
2397 1396 397 3537 4743 3248 4179 4815 4815 1039 3117 477 294 3405 3517 3939 846 4677 4703 982
3535 2405 1613 683 982 29 4135 3306 1424 4832 820 3896 4822 3682 111 4592 1833 678 2443 38
3262 465 1305 3940 4578 2515 1603 385 564 2192 4314 1541 3241 1305 4771 2831 4680 2576 294 3298
607 2252 2122 581 1598 2219 3242 2820 3187 1013 3396 150 4894 1300 45 2057 3572 665 4742 3831
2790 2342 1272 4414 3586 4119 1008 2013 4980 1678 1261 3539 2785 1442 3530 582 3770 4214 370 1101
3939 409 321 613 986 1346 766 4169 2211 4563 4498 1856 28 4953 3824 3856 3481 4794 2197 1414
3631 581 581 581 836 2516 581 2778 252 1239 3075 1763 176 289 3499 2809 1062 3892 3414 581
2975 4910 493 1909 4900 425 544 3713 922 2469 788 1424 3165 2223 3932 2930 2042 1684 3307 518
2711 2470 560 3675 3154 1258 1779 2216 1863 249 18 1529 3234 3603 3323 1541 4801 1909 3165 2567
2063 3168 3909 210 475 3690 438 602 3939 726 1766 64 2129 3991 4113 1344 3939 4777 488 3546
1896 3566 1614 1777 1674 4158 2143 3877 3720 1771 4326 758 4663 3326 3157 3106 3629 197 4712 2526
3251 735 3551 2479 4672 4274 3375 1920 890 1815 4819 1899 1501 1096 2955 1447 2222 1731 3179 3017
3904 4979 3497 3582 4049 624 3337 3954 4250 1114 375 965 581 4514 2708 4382 3241 2798 4179 4119
3557 500 2824 2725 493 3609 4284 581 1614 4070 4325 4418 56 4226 1721 818 4953 3471 703 3668
1240 193 3470 1081 3179 3304 3932 4937 2662 3551 808 2142 3645 2083 2728 1183 3668 2308 4936 2990
1170 3951 4985 1731 4086 918 3195 3538 2718 890 2958 3301 561 1157 862 3027 2762 1438 1915 2782
2067 3787 2504 2222 1802 1455 401 2188 2562 3719 2146 4651 1962 3238 179 113 1075 1410 1447 2567
4815 2567 129 2895 3680 3138 401 3764 1722 1726 3551 4798 4763 4768 564 564 4233 2945 1450 4794
3939 2311 488 1084 3530 4584 3241 3943 2511 2735 283 2567 4578 4146 120 1893 968 3560 3510 527
2672 1008 2222 3244 406 2222 4483 1862 2523 4431 3836 406 452 3747 2652 1656 2883 3821 3939 688
3523 3909 4974 427 123 636 3283 602 261 261 1450 3824 1625 3052 2411 2727 968 2865 409 4669
1915 3737 2840 415 1252 207 676 674 2831 401 982 4800 4795 4533 4747 4403 4543 784 3885 1707
452 2217 3751 1218 4458 409 1119 4262 3179 2816 3075 1343 11 2388 12 3628 1529 377 735 1101
1162 3241 4576 3745 1218 3131 4595 3201 4872 3683 4086 3877 1315 1232 4298 4192 3725 3283 3791 4117
3262 4185 3868 890 581 179 777 235 294 564 815 4612 1796 2676 19 665 2126 0 3489 2644
488 1665 421 2726 1393 3744 3787 581 1164 2515 4493 2324 4930 1865 1209 3962 1450 545 1249 1800
3358 1879 4167 4141 3868 4125 2971 2187 1780 3112 1056 1882 1157 2459 4119 2489 3605 581 1334 2567
925 2725 3896 3041 1511 2390 721 3234 676 1794 4794 3943 0 2597 1523 487 4749 1929 3065 73
1157 653 4862 3847 1908 3375 488 2694 2317 3079 4992 2850 3563 4128 1200 702 3038 2697 2865 1460
4373 2930 3939 321 3747 581 581 2325 1856 4734 4058 29 2056 1471 4245 2182 4691 1967 929 1339
3939 4086 2339 2584 3877 2486 460 1645 3307 3922 3796 111 2708 3446 4601 3486 3075 3405 3803 2630
4815 4178 3358 1804 29 235 3561 4300 854 4175 358 2765 3241 493 3292 3241 4744 1343 3939 37
4827 4088 3305 756 3029 2290 2670 2656 401 29 2993 4676 3487 1765 4140 788 2384 1251 409 2734
4970 1804 3572 1415 3198 2219 2651 3488 788 3740 3390 3885 4278 556 1029 2336 4217 3424 1248 4649
1119 1442 2188 1061 581 3075 3703 3582 2338 3179 1591 3283 1696 4749 676 621 3885 1897 634 547
3491 594 683 1081 1992 4562 2486 812 1912 2800 1253 4956 401 1415 3370 2164 545 3582 1096 3790
1431 1986 1496 1219 465 3983 4292 1777 4366 2140 3312 2948 3787 3003 2742 2202 3925 927 2336 3594
3508 916 4953 4474 3159 3170 3177 722 4804 4214 3241 3416 79 3703 3180 455 1100 560 1835 1812
1185 1155 1218 4086 1633 3785 4128 823 3038 1927 3824 199 1343 1991 4872 293 3844 3809 3396 1383
982 2307 230 10 1128 3368 401 2360 624 4450 488 3248 662 2347 4739 412 840 3595 4815 3820
4340 378 1746 2637 1612 261 3075 2521 409 3694 917 3785 3303 164 4985 3790 1835 1715 1135 3899
