2889 636 2948 374 3957 3896 1418 1992 2117 1157 862 3367 943 3179 401 289 1885 471 1567 2743
2725 0 2514 3683 1531 1840 1948 488 1992 2057 3873 1447 103 1746 2736 73 2656 709 2727 4595
3372 982 291 617 54 7 2554 2576 878 3179 4216 3791 1564 2359 3038 4936 1 360 482 2809
4822 1038 4141 4655 1833 3018 1978 3790 4894 3689 419 77 664 713 1816 3419 23 2211 1100 3551
3389 4333 2282 985 2033 77 3896 123 4359 2981 4531 246 3179 4320 1189 581 3932 1718 339 1108
1240 294 69 2121 836 796 968 2896 4538 4208 3500 4073 1313 3915 4718 3420 3179 1096 307 2229
2233 2671 1529 1038 2608 1927 3110 477 818 2254 4026 316 949 137 843 2718 4281 3957 2308 1721
2331 3566 2865 2515 4366 726 1408 1614 203 2232 754 3992 3710 256 1091 2812 488 3463 4624 373
4946 3680 1010 854 982 4642 2463 4258 3674 3038 4903 3798 1091 2614 4831 854 2626 2721 932 756
4670 773 1979 397 904 1302 1089 775 1888 4722 2785 3839 424 752 4775 3695 401 3196 455 2704
3939 796 3939 321 895 2955 4794 3939 3451 3489 3179 3128 4842 968 3790 2644 4475 1450 4015 3225
4822 4472 2458 1112 773 3696 1625 2504 3605 3676 1296 3241 3168 3729 4231 1948 4279 1126 1376 544
1654 2993 3517 2469 1393 934 3116 3179 4610 397 4749 3498 2687 878 1010 4794 4968 2743 1633 4436
2140 2576 4278 659 4307 820 293 3912 2418 4132 4651 991 1112 2309 3871 1913 4146 2211 3138 1100
3661 556 1520 2896 4366 4169 3736 1541 922 3202 1811 1218 3675 2393 1447 3939 977 4280 4669 3682
1185 1904 4337 4737 1650 4734 296 3367 3710 1603 2895 3843 1765 3680 2842 351 4284 2656 609 398
488 3214 490 4316 2328 4850 1424 4863 1883 49 288 4472 4086 1585 4735 4313 2066 2614 0 3306
4639 3010 161 2284 3179 387 1953 3680 800 3790 847 2958 2227 4732 3939 1502 143 258 2835 2861
2741 3602 4214 2365 4472 172 3177 3962 3170 896 2679 3719 2115 2775 2734 3832 4795 4483 538 2015
1062 4533 64 3358 3445 3747 2725 1070 2232 961 3540 3645 1802 4388 1464 4119 3279 2883 1833 1833
3667 953 93 206 1079 4402 3141 580 922 3932 1511 3779 1562 3211 4233 2167 429 4490 2702 2374
4823 2888 2584 4815 2211 1691 3049 3129 2150 56 2918 3275 2065 868 2956 4815 2306 1793 4281 2652
3681 4691 2231 3932 985 1218 1645 3177 598 703 2902 4386 1569 980 3683 2360 1091 3480 3770 2045
2439 726 520 1442 3811 4388 1726 69 1530 1251 4304 840 2190 3106 636 128 2338 763 2199 3306
4021 2965 3384 3275 1218 1928 3042 840 3849 2302 1811 1218 3680 209 4227 877 2616 4683 457 1371
2781 3983 3583 2222 3510 982 2834 4681 4919 3179 3747 2580 4525 1089 1214 4141 4592 1045 4632 3075
2338 1913 1112 4234 1131 1208 3177 2866 2865 1765 3745 3976 255 1833 4969 2254 460 1585 4327 1769
2425 4872 4153 4086 2068 2585 2630 161 2222 360 871 3128 2278 4737 923 1992 4858 4253 4368 3489
1436 1935 661 2060 4135 260 2623 1992 3635 2902 890 4236 4086 265 1765 1535 4822 2280 1355 2222
1623 968 425 1942 3204 4450 29 4557 2056 3744 2057 2861 1157 2187 1421 4983 4919 1347 1816 3186
2811 1317 4301 1882 3345 4077 527 872 1896 3236 4815 4405 3241 619 4158 542 1978 1080 719 2526
4533 1992 1087 4483 4968 4281 4666 3241 3275 2346 1306 2895 1142 3027 2772 2780 2697 2441 2338 3195
2242 1992 1493 4227 12 724 530 4114 3038 3423 2920 1999 3809 3194 2311 488 2280 1218 3954 1701
2959 2735 740 3850 1376 4783 3703 3448 1623 2057 3787 717 144 3337 3918 2778 3607 1112 2666 444
1185 2551 4288 11 3680 475 4266 339 2558 564 1112 2146 3284 1814 2644 201 3275 1376 581 1251
4021 911 2865 1811 1218 1811 1218 2470 4429 3664 2568 1913 990 1930 3101 3226 174 1953 2294 4401
1885 2719 3456 3796 485 142 3177 425 650 1323 4897 775 985 4999 3275 488 151 3337 4771 1365
768 151 3847 968 1116 2193 1343 2865 4238 2778 3793 2280 4036 410 581 425 2490 2927 1325 401
2627 918 3744 4183 3770 643 194 1774 4691 334 1407 1557 4966 3856 2463 2496 442 1811 2372 609
3645 2835 2526 4816 4208 3667 3563 4021 2393 4684 859 4756 2602 4518 2070 3675 3355 1200 3320 3680
488 4822 2690 4885 3899 152 2429 3750 4657 1137 2302 1816 4831 2628 3517 3939 3760 2199 2945 4633
2140 3250 1067 1457 2692 1892 4213 687 4757 1540 1762 3446 3045 3056 4989 4952 667 1883 2365 4021
4486 2721 4763 2820 2739 138 3658 1035 4814 4631 3489 564 1262 1450 1128 703 3922 3283 2736 2865
1943 1881 4950 339 2708 2057 3175 3815 2567 4350 2651 383 399 1966 4771 844 3196 3876 1597 2838
1089 1617 1953 982 1305 3488 2521 409 3916 2567 4333 2741 2532 2216 662 1946 1538 529 2516 581
3238 2377 460 2235 77 1200 3712 792 740 2816 2464 4316 1305 4786 3065 2231 116 2670 2554 107
4195 3448 3087 1668 3547 2339 3675 2620 3172 1123 4086 3535 1529 1424 257 2584 846 4262 2444 294
500 4058 3029 1868 3409 4676 2073 1271 1112 3680 3168 3772 1371 2798 268 1805 3482 3939 258 2665
2115 2875 343 3525 688 3796 3986 1902 4723 428 2744 1862 4511 818 1672 858 3983 1244 3794 3904
1267 1800 3628 1578 2649 602 1940 2842 3969 3552 4125 2367 4595 216 2885 1302 3489 2062 1325 1582
3262 0 3550 4691 3939 3806 1572 58 617 829 3744 2471 84 2576 1613 123 106 3179 4145 1676
1029 2374 2413 2689 4286 2310 2397 1355 4750 2798 2057 2981 3370 779 3424 1951 567 1144 186 1991
79 2811 0 2981 375 419 1433 4815 1235 4290 916 2708 3458 985 3241 321 4607 2718 1915 255
3289 4278 560 3315 3787 204 1991 1327 4235 4303 4469 2997 2644 1343 859 1776 54 545 3003 1833
4315 2993 2222 401 4122 3210 3272 2767 818 3824 2734 2933 4795 858 406 636 2626 3683 982 334
4292 1625 3756 261 3270 3402 1625 3953 2791 11 1126 580 3348 1862 3821 1953 3250 2286 4657 3121
3042 4274 4517 2140 665 1200 3262 4217 297 4554 3279 2656 2222 1429 2520 4381 2737 4489 1080 1647
2913 638 1100 2444 1636 2439 4562 4431 4858 2680 4926 2122 2532 1323 917 2692 3456 4992 406 2911
2066 2115 2346 4858 2516 581 4872 728 4593 2865 2338 581 1 3463 2005 3549 2308 688 3102 4591
4666 1978 4339 1992 3877 844 2027 4794 46 1968 617 552 3520 155 3370 1833 1848 4068 859 64
3939 4817 3796 581 980 4599 3357 3683 289 1171 619 4533 949 492 590 1247 2222 4693 3003 2306
3517 4333 1429 1663 2286 2785 1759 2644 4169 2142 1103 1157 457 545 4316 4815 71 2774 724 1837
3380 4363 624 1798 3947 4872 2791 4980 2599 10 4112 4021 3939 2060 1913 1667 4325 1543 1862 406
2623 1737 2146 2712 1618 4795 2083 966 2308 721 1460 1925 3878 4183 2197 29 820 3760 1215 4366
