1240 3482 3543 445 2722 2065 4119 3226 4521 2736 1816 2883 1800 1457 852 1119 3683 1410 3790 985
982 947 4500 1661 4119 1297 2029 812 2652 1691 4163 3703 409 4557 3428 409 74 1715 2637 4288
2798 380 1992 4021 3221 1647 2551 662 73 1581 1397 4484 1437 400 3121 1724 2307 796 893 2861
488 2990 3616 4280 3791 654 4794 3757 4950 3179 4440 4245 2659 2820 2198 488 3832 111 3324 73
3695 1322 4594 1331 1915 255 4058 1434 4169 2391 1827 3731 488 4172 2652 812 923 3978 3703 3683
2769 3525 4350 3179 2089 2596 3939 2023 922 905 771 2155 4207 3147 3563 4676 3727 2733 3821 2820
4445 1893 2009 4046 4818 2981 3185 3444 3576 2546 3157 2526 373 404 970 1475 4479 2160 791 4800
3389 1990 564 562 4610 2654 4989 3165 3162 1539 4943 3090 4314 1449 176 2779 4562 943 2574 4163
4130 498 581 253 2154 2820 4213 1967 3199 401 3348 1144 3391 769 3535 3305 3932 330 2549 1415
662 511 4479 4771 3853 3159 1992 77 2179 2302 2308 3704 1091 2801 401 3939 4859 1496 2486 884
4368 4804 2154 4816 1164 3303 3357 2120 4782 721 1650 2865 2722 860 3760 1666 3011 2809 4670 3793
3358 310 1809 975 4285 4815 564 1112 4288 2647 4445 1581 3588 926 3362 3141 897 2542 581 3528
2781 2993 4006 3885 4472 4514 2791 409 289 506 3177 4086 4038 564 3480 3179 982 1673 1992 3939
3143 425 360 3358 4494 2217 2672 2637 2164 1529 2516 581 4657 4887 4761 493 581 564 564 931
1968 1690 2562 1028 3976 56 769 754 1844 460 4011 2278 4236 2056 3421 3303 4163 3325 765 1535
2211 1504 2914 818 3587 3515 4567 1731 4703 2486 1086 1298 4169 334 3745 4749 564 2211 3038 3241
1435 1614 1865 1252 280 1833 4284 3585 2164 2628 3614 4969 4044 581 2040 4128 2718 3131 247 4627
3489 4703 3697 1080 3179 4710 1418 2993 216 4086 1325 4459 968 2347 2093 1236 2004 1804 363 3676
3380 2643 4677 3287 1914 1684 2475 1262 883 581 3877 428 488 3199 564 4366 858 1347 4484 4278
698 1447 4278 321 3791 37 2062 406 2138 4425 4032 747 3412 2743 2491 1633 3585 3325 194 2449
1365 3734 4794 2463 1051 4280 405 2189 3306 4483 2924 1533 953 3179 1591 3358 2726 581 3217 3165
3695 4514 1383 769 3696 378 2698 2128 2515 2676 488 2085 4531 4947 1368 2071 3791 1911 3747 4627
4872 4460 1652 1092 3809 1811 3685 4240 1811 73 3667 2106 3027 3939 3079 4350 1883 2047 968 1978
1399 2104 4852 392 3719 1080 4533 4417 4129 3096 1765 1913 488 2656 1216 3939 200 4479 3768 1311
371 3985 3066 2783 413 1992 3412 687 4794 4794 4684 3108 2182 1218 3915 454 1443 3679 1890 488
3141 3909 4393 1075 3610 4748 1480 3096 296 4327 2217 3796 3778 1378 457 4772 3675 3241 4533 1613
4350 3241 54 4566 3804 56 4099 4827 2930 526 1523 2637 488 1113 3179 1628 2262 3463 2779 1525
3645 4445 1379 2532 2005 4227 1991 787 3499 2204 4974 204 597 3474 1830 4172 667 4830 4169 2033
1185 2891 4192 1995 3177 715 4213 4086 310 260 1511 922 3666 3358 193 4320 583 2329 501 2766
1525 2122 2871 3375 525 991 500 2780 1180 2337 3939 2032 1208 2463 1087 18 2718 2496 1327 896
4187 2042 1251 2486 3485 2566 4990 406 2056 1262 4483 2468 2902 149 64 3502 913 617 1181 3328
3095 1359 1473 860 37 1009 1825 1511 260 2798 883 1438 2084 2838 4533 2820 4946 409 922 200
2287 460 377 1081 1200 1318 1008 4718 4511 4550 2842 4159 2626 4968 24 1992 4086 2186 2805 3179
2092 4024 4288 862 1409 1811 1218 2300 4945 802 545 3836 1163 247 2553 1080 3918 409 1867 1379
3645 11 1447 3528 3826 1671 4168 4051 3722 108 4171 4548 828 4415 1811 545 2411 2726 1181 4974
1089 2670 922 1267 2718 123 1614 2692 1371 2296 362 2569 3199 1593 4850 1292 1986 683 1562 1520
1665 2866 665 2513 676 574 2820 4748 713 3040 4334 2865 3336 1218 1549 3737 2726 2902 3994 2672
1240 581 2211 3241 4183 3978 2595 1112 385 3190 3508 3904 4288 1408 186 2770 4047 754 3179 3932
4703 401 1992 321 2198 3683 289 1953 929 815 4794 1038 4266 2708 636 3179 3747 4416 897 2558
2242 111 161 1598 3179 2843 1859 2308 3792 4872 4816 3924 3572 544 581 564 1109 3587 1811 922
4815 1157 1765 73 4759 1675 4280 406 2494 1883 2486 1597 1878 3179 1476 4486 2512 676 2726 3614
4119 4775 1697 2506 4999 401 1234 581 1525 4838 126 3241 4800 633 2576 917 1721 757 3217 3663
1930 3348 3233 4980 4517 541 73 4981 581 377 4640 2850 4938 1676 1989 4855 2727 2392 1305 1262
913 1321 1598 3856 2311 986 1856 2676 11 3675 1379 309 3179 3029 4245 2418 2718 3227 2644 4800
3883 1915 425 2838 3301 4815 3979 2306 3939 2736 1062 2239 1125 2140 2470 234 3179 326 1032 2516
3939 726 1535 2182 2736 4900 3036 4483 1731 3877 3750 2057 2656 401 3241 2865 2032 2057 3370 406
4815 4178 4556 1726 1054 1562 2319 2140 1638 4562 2486 917 2317 4922 3798 3939 788 4923 2820 306
991 2885 2222 2614 3792 3951 1992 1143 3179 2488 2106 2818 890 3382 636 230 4086 1536 724 80
296 2948 2516 4858 3241 3815 482 3860 3167 3218 987 823 530 2287 2186 1157 1642 2057 1099 4333
2726 2464 1514 1885 4172 4086 4989 11 4657 2630 246 1299 1663 3179 1319 2232 4457 3241 151 2521
3939 3703 2115 488 581 401 3157 7 3529 2819 862 3877 3962 564 4077 581 2993 2222 3179 401
38 3951 3939 1752 59 3799 3570 4974 1780 1896 1469 4398 2432 726 917 1010 1869 4794 1953 1990
2822 3515 679 2725 4005 1811 1992 425 3608 260 659 580 1940 4024 1155 3744 822 2303 3599 385
2728 2768 3736 4832 2109 3106 3390 3939 1827 2199 1112 4288 3328 956 4212 3059 1991 2643 207 3241
982 2151 4912 2948 3823 526 525 3367 4058 4542 564 2808 2223 4280 1673 4114 4669 2393 2106 3407
2014 860 1478 2602 4410 1371 1100 2220 581 2771 4858 3954 526 4794 1953 1802 339 3101 2900 4948
2726 1691 3680 1651 1915 1079 579 2026 2129 1992 4691 1811 1089 3241 50 3745 3179 2566 884 4451
3574 4373 3373 3389 3489 4872 2041 2057 3653 2897 2463 1242 382 2723 3117 1811 3751 2736 1811 409
3358 2170 93 488 4528 238 1260 2365 4026 1021 3582 3770 1597 581 4250 922 4755 4681 564 4832
3526 1373 779 29 2346 1841 278 1102 3292 636 783 1181 1747 4951 1294 4771 3877 2670 4894 602
3695 2193 2649 3241 1496 4067 2880 2297 3251 1776 4919 2498 2217 1204 4794 1084 945 2801 2389 1777
151 2093 613 1520 1078 2637 3078 985 4107 1421 581 1302 385 4795 2580 2827 290 3942 3051 2692
77 1169 719 1749 4235 3697 4820 594 2232 4872 3786 2750 4772 4583 281 3885 3317 4992 4988 3417
3507 3585 980 1231 4858 3 3307 3469 4955 3032 4107 4684 536 3241 2117 4815 3747 382 4280 3102
