2628 2726 3909 624 1261 1707 488 4578 4658 3450 2526 4338 3489 3965 4088 37 4875 3601 3003 3370
3463 3736 731 3703 3680 3154 3629 1859 241 4261 2463 2778 3152 2314 1183 2222 4514 4333 1800 4320
2439 4236 2122 3226 4550 564 1349 3421 2001 823 4270 73 161 945 3448 840 3783 1056 796 4281
694 3148 2470 2997 3809 43 1343 4749 754 2474 2045 4313 581 912 2502 493 3862 3760 1003 1992
4119 2595 2708 397 581 3528 172 2645 2222 1812 2008 1644 1203 717 4800 1010 3939 488 3718 377
4169 3916 454 4872 4676 136 1323 256 1944 2652 115 890 1833 1392 2205 1862 1516 1392 4350 4086
3851 674 753 1076 3568 2727 1454 2098 4611 812 1430 64 3401 3916 3249 1833 414 3939 3831 1039
4533 4571 2820 4288 42 2750 2928 2542 2553 376 3939 4814 4361 581 4459 2790 2120 3939 3121 2676
744 161 4450 1343 1909 3042 1992 2334 3884 4999 3939 4928 3489 953 1707 2880 3017 4416 4875 2332
2140 1300 409 3548 3177 2222 3539 3033 4658 2843 2311 93 3311 3979 2652 1523 562 3283 4021 3747
1234 899 549 2575 823 3820 1614 2278 2670 2567 1460 4428 3552 2306 2060 1851 2827 2308 1032 4368
1376 890 2584 1305 3029 4315 3053 4734 4225 3948 3922 3551 260 4119 2883 4527 3159 4522 2667 4795
4523 447 2259 890 498 1530 4300 1551 3075 2286 1881 4850 968 3260 3508 836 0 4696 3915 4368
1142 3452 1087 1811 961 986 1343 4727 3922 2179 2896 2188 905 3697 2709 3367 4531 2628 3399 2490
4749 3736 3517 2222 509 4261 3179 272 918 1415 3102 852 380 2803 3039 3219 3596 1758 3629 4691
2611 1833 1181 3886 1157 4771 425 3544 1196 161 4235 581 1236 3939 4794 1893 1992 3595 3877 4718
1968 1734 3511 3937 2250 3115 1218 2526 11 1484 4109 2907 3517 3358 2393 260 4572 372 2649 1625
1968 1801 547 4208 1410 3492 4158 4245 488 2778 3361 1096 1430 1216 3057 2306 3358 3286 1862 3228
725 2902 1997 1021 1576 3563 2734 4380 3248 3535 77 56 2222 1721 4599 3038 3024 2441 4806 4949
662 2656 1056 4680 3833 1439 427 3857 287 990 4469 2981 1953 917 4937 2410 3675 2565 409 1504
4263 630 1749 4669 2822 4691 561 258 3472 19 64 2694 1556 2655 2714 2692 4026 793 4310 1398
917 3616 1240 3489 1325 4268 564 3075 2193 429 294 1234 3241 3582 3179 3492 2058 3541 4124 2757
2669 3102 2585 2970 3117 2279 581 2062 844 2463 2092 4985 2975 4316 3939 4777 918 1038 372 3779
3575 4486 1956 1218 316 1859 4289 4990 2993 1384 1424 2159 4076 788 3037 163 602 1913 943 3241
1946 564 2033 2057 2542 1343 2211 405 161 1100 2721 3790 3075 4086 1081 3484 3649 1937 1881 3428
3885 963 2644 3075 2867 2750 1930 1887 3563 2637 1316 3959 2170 345 4086 3733 1312 144 2048 1062
2896 4405 3962 1893 820 2164 2480 2346 3419 4772 1756 1625 4445 2060 2840 1599 1272 969 113 3787
1457 3287 3360 1490 4872 1890 4749 380 4669 4527 2943 4354 543 397 1723 2411 2085 1158 3703 2404
4702 401 4894 4473 2146 2146 1227 2742 4086 2145 488 1511 4732 818 3725 1259 2367 1650 3608 1067
256 2816 672 2572 2820 1599 1811 3939 3358 3866 581 1533 294 3790 2644 3747 1365 4865 3586 1514
2355 229 2843 1576 2820 2902 29 1811 3983 3686 4969 2189 4163 744 4989 2238 2198 3098 4113 2818
4670 1612 321 3690 3279 4938 2428 2911 2894 2367 1314 3595 671 1881 461 3922 4691 723 2652 4086
1896 2671 4794 2242 4750 2914 4306 3594 3683 1339 968 4479 1418 3003 2566 3550 1721 2301 1691 2125
1187 3319 4523 2216 2057 3790 4680 3896 585 3725 1174 702 1522 2725 155 4379 1245 4301 824 1851
759 965 1913 4130 1085 21 846 212 4484 3611 2449 4434 918 580 1335 4086 2644 255 4117 2607
1980 4374 3779 2894 4231 4824 769 3310 234 3896 1746 4680 37 129 1691 1219 4231 3241 1272 4405
1292 3241 599 3068 2570 784 2521 2930 3214 812 860 4691 3832 2526 131 4631 4213 3703 2186 3478
3588 679 106 4501 2718 4374 4694 913 844 713 2186 1238 3179 581 2936 4070 1726 3067 186 1594
4173 2299 2230 2380 581 796 796 4026 2785 1554 38 1677 1952 2726 3241 3300 3367 1359 2701 4794
624 2380 2222 1782 3358 3042 3821 230 3564 2602 997 4128 753 1953 4236 3856 4573 676 2056 4080
398 4208 1986 3648 1992 1650 463 4983 4669 604 161 3075 2208 2657 1050 3275 4854 111 2775 3939
3948 3139 1029 644 24 3582 28 4742 4350 1835 2669 980 3360 1038 2467 71 3791 874 4557 844
4400 4380 1788 1883 1807 1765 2146 2676 1196 488 4670 2597 2211 527 1913 1040 289 724 1046 197
3563 4169 4213 3910 3357 2902 2302 564 2877 2828 3824 1749 3714 715 3015 3154 3877 1303 903 3311
2303 3310 3480 1015 2062 891 1431 2770 2024 1589 1937 4620 3305 397 2057 537 3686 317 4815 4815
4155 3003 291 700 3877 908 1909 1731 3389 3495 2057 1998 3703 3459 2150 3075 3791 2521 1435 3683
2840 1821 138 4691 3401 683 982 208 1134 3683 331 1538 3000 2993 2790 2285 2268 878 161 2222
2826 3879 715 3536 3680 1144 1811 3177 2122 3793 4794 4425 2683 687 2532 818 2997 1691 2820 1258
493 749 3204 1633 3703 4627 2659 239 4086 2287 2504 2032 1091 4022 1302 4492 4980 2575 3536 4692
823 2140 409 455 4484 3948 2308 4086 991 1349 3525 4380 3337 4815 564 3241 4479 3179 581 2093
3005 4599 4627 2824 4135 312 982 493 3095 3924 4601 151 1112 3685 4283 4472 1943 1567 24 796
2580 1323 859 3177 818 29 1927 3492 4592 1598 3157 2880 2280 3608 4931 2865 2620 991 345 1769
3072 3710 752 4832 4157 3409 3065 2598 2535 655 3791 4589 4266 143 2198 262 1811 2515 1942 2902
4815 564 4581 409 3179 72 862 4631 3412 979 4853 2389 1258 564 2033 2521 715 2057 238 1302
2425 3714 2671 763 2963 4772 4066 1529 3394 1854 664 1856 581 2117 4007 4669 1367 2470 922 4872
488 876 3172 3241 3747 2734 4366 3370 4333 3162 2848 135 4119 3179 3396 1125 4664 1715 1200 1202
4894 4124 3472 3836 1091 3196 493 3487 193 4332 2305 2849 4794 703 3710 4672 161 3448 4560 1807
4832 1880 4231 15 4815 1241 3424 1811 4015 4396 3526 3987 2332 455 3575 4135 3234 2044 1091 3049
2280 4667 1657 2718 3561 3422 672 744 1979 304 651 2252 3683 406 1322 3227 54 3727 1879 4850
3382 922 3147 961 4734 3710 3729 4705 1915 1121 4268 2727 2258 726 4636 2217 2736 4544 738 4566
4043 4119 1218 4761 2526 1296 3636 2567 4938 4832 233 4026 1715 2679 1811 144 2212 195 4510 1379
897 3976 248 3064 3147 3217 313 1520 916 2317 3985 73 633 3201 4872 213 3821 945 1457 3821
3042 2302 3696 416 390 1798 216 73 2644 3374 1598 3560 4004 3372 1326 982 4861 3179 747 3248
4640 1378 375 2645 2574 1625 636 3803 3704 729 383 4236 581 4872 740 1142 4737 1119 3210 3563
